loading file name ./test_data/11scp51.txt
Generating problem instance started 12:22:04
Generating problem instance complete 12:22:04
Generating problem instance took 0.000000 seconds
Solution generated started 12:22:04
Solution generation complete12:22:04
Generating a solution took 0.000000 seconds
Total Cost: 8812 
Required Covers 187 
Minimal Covering Columns: 
  604  1015  1122   783   238   468 
  331   531   110   997   199  1320 
  133   296  1491  1551   682  1075 
  532  1223   511   845  1443   781 
  782  1006  1200   598   329   865 
  415  1375   869  1449   980  1609 
  649  1003  1058   108  1641  1711 
  448  1164  1671  1554  1352   707 
  354   750   952  1081  1117  1311 
  386  1077  1584  1022   554   912 
  145   541  1597  1009  1118   974 
  639  1335   897  1544   615   297 
  501   713   859   539  1139  1475 
 1194  1208   368  1333  1395   384 
 1188   662   247  1034  1860  1361 
 1062   886   299   411   470  1057 
  900  1628  1504   360  1178  1001 
  413   816  1031   711   743  1873 
 1355  1133  1211  1458   310  1612 
 1191   311  1086  1286   828  1674 
  699   668   359   523   481   830 
 1138  1406  1372   919  1016  1591 
 1008  1136   534   548  1454  1044 
 1419   621  1083   315   637   728 
  479   256   954   419  1150  1451 
  693  1610   333  1281   673  1259 
 1898   147  1764  1377  1107   458 
 1232   806  1183  1476   999   512 
  474   269   308   445   663   303 
  189   586  1820  1131  1018  1168 
 1468  1225  1103  1095  1397  1158 

