loading file name ./test_data/12scp52.txt
Generating problem instance started 12:22:04
Generating problem instance complete 12:22:04
Generating problem instance took 0.000000 seconds
Solution generated started 12:22:04
Solution generation complete12:22:04
Generating a solution took 0.000000 seconds
Total Cost: 9509 
Required Covers 189 
Minimal Covering Columns: 
 1383   732  1422  1833   326  1159 
  824  1641   917   852  1447   990 
 1366   461   440  1898   761  1166 
 1309   752  1727   202  1099  1572 
  806   493   635  1732   521   491 
 1068   227  1218  1020  1411   437 
  723   640  1123   929  1481   355 
 1012   994   271  1250   992  1238 
  717   605  1553  1796  1036   438 
 1538  1122   428   540  1631   787 
 1789   828   886  1170  1814  1881 
 1373  1069   841  1634  1417   330 
  584  1336  1284   425  1559   620 
 1208   255   517   470   515   375 
 1803  1755   507  1182   715   576 
 1289   872  1000   354  1606  1579 
  471  1243   439   195   912  1408 
  900   979  1303   414  1121   295 
  890   484   678  1400   865   928 
 1094   534   978  1058   583   532 
 1798  1412   974   383  1460   773 
  683   905   813   682   621  1188 
  562  1416  1076  1581   716  1667 
  660  1364  1064  1719  1160  1179 
  607  1445   411   764   877  1055 
  559  1106  1244  1014   362   676 
 1135  1603  1896  1191   859  1912 
  622   322  1271  1270  1002   225 
 1153  1141  1485   632   684   141 
  862    56   392  1516  1164  1168 
  981   498   287   478   629  1063 
  708   947 
