loading file name ./test_data/13scp53.txt
Generating problem instance started 12:22:04
Generating problem instance complete 12:22:04
Generating problem instance took 0.000000 seconds
Solution generated started 12:22:04
Solution generation complete12:22:04
Generating a solution took 0.000000 seconds
Total Cost: 8288 
Required Covers 187 
Minimal Covering Columns: 
  660   408   346   707  1028   361 
  925   137   359   550   936  1588 
 1556  1342  1000   270   340  1391 
 1335  1084  1459  1023   462   490 
  989   486   616   549  1057  1034 
 1090   624   300  1267   119   480 
 1444  1311  1202   253  1373   252 
 1477   935   366   596  1732   604 
  499   406  1855   773  1083  1579 
  548   348   990   514  1120  1416 
 1006  1226   710  1020   203   384 
 1123  1127   317  1476  1323  1140 
 1292   386    21  1507  1014  1322 
 1066   257   799   320  1432  1438 
 1598   296   767  1679   338  1377 
 1455   489   293  1681  1649   175 
  920  1192   540   726  1353  1048 
  909   370   843   764  1052   697 
  515   396   650  1304   412   534 
 1915  1124   476  1251   732   225 
  795  1488   952   563   759   417 
 1187  1112  1013  1716   625   937 
  977  1651  1255   927  1279  1789 
 1513  1231  1148   362  1102   654 
 1081   703   903   426  1547   577 
  672  1036   542   870  1372  1481 
  528  1256  1494   806   375   162 
  347  1047  1077  1086  1537   816 
 1527   849   974  1564  1236   790 
 1574   797   632   298   693  1336 
 1152   583   814   182   608   344 

