loading file name ./test_data/14scp54.txt
Generating problem instance started 12:22:04
Generating problem instance complete 12:22:04
Generating problem instance took 0.000000 seconds
Solution generated started 12:22:04
Solution generation complete12:22:04
Generating a solution took 0.000000 seconds
Total Cost: 9669 
Required Covers 193 
Minimal Covering Columns: 
 1495  1180   959  1550  1286  1371 
  343   974   723  1833   910  1291 
  618   677   685  1632  1401   545 
  827   317  1219  1344  1657   876 
  541   891  1207   887  1432  1488 
 1235   580  1211   631  1093  1005 
 1020  1138   185  1538  1942  1617 
  918  1262   781   265  1228   498 
  477  1679  1543   825   535  1580 
  889   307  1036   595  1194  1275 
  229  1329   936  1237   236  1503 
  782  1763  1425   749   725   786 
 1152   373  1307  1073   110  1553 
 1651   140   377   980   903  1524 
  518  1393  1440   578   290  1350 
  398  1292  1343   695  1560  1233 
 1072   997  1216   948   824   310 
  886   656   811  1416  1144  1098 
  923  1802   527  1294   226   994 
  548  1327   346   391  1132   331 
  847  1110  1352  1064  1255   963 
  361  1649  1611   662   947  1065 
 1060  1509   861   916   606  1593 
  101  1539  1407  1366  1332  1510 
  415   671  1634   524   745  1148 
 1251   371  1112  1000  1130  1197 
  929  1273  1535  1412  1326  1750 
  453   536  1536   645  1594  1507 
  971  1391  1479   538  1254   983 
 1076   865   614  1346   668  1122 
 1638   632  1734  1240  1597   954 
 1234   314    92  1034  1024   149 

