loading file name ./test_data/15scp55.txt
Generating problem instance started 12:22:05
Generating problem instance complete 12:22:05
Generating problem instance took 0.000000 seconds
Solution generated started 12:22:05
Solution generation complete12:22:05
Generating a solution took 0.000000 seconds
Total Cost: 10428 
Required Covers 191 
Minimal Covering Columns: 
 1437  1653  1189  1275  1392  1772 
  843  1211   524   677   736   497 
  923   157   434  1659    88  1712 
 1854  1674  1811  1686  1261  1378 
 1054  1510   981   418  1094  1832 
  658  1573  1260  1561   946  1556 
 1920   957   627   421   336   168 
 1485  1406  1212  1171  1907    79 
 1137   964   608   399  1783  1438 
    5  1446    50   746  1723   265 
  841   963  1343    25  1836  1702 
  460   673  1643  1013  1543  1140 
 1033  1557  1708  1301   692  1739 
 1398   491   526  1371   821  1763 
    1  1768  1101   941  1835   573 
 1368   868   542  1469   925  1093 
 1146  1098  1118  1486  1061  1259 
 1755   311  1558   734  1758  1141 
 1918   731  1121  1362   722    14 
  993  1401  1683    31   795   405 
  557  1592   532  1528   935  1194 
  450   685  1480  1585  1399    80 
  801   853  1897  1331   903   347 
 1068  1157   751  1636  1088  1786 
  982  1065  1889   882   606  1060 
 1529   721  1706  1055  1360   567 
 1563  1242  1546   901  1599   205 
  772  1726  1109   583  1143   678 
  632  1539   474   631   482   713 
  527  1258   660  1262  1099   921 
 1029  1075  1409  1782   989   704 
 1103  1165    68  1237 
