loading file name ./test_data/16scp56.txt
Generating problem instance started 12:22:05
Generating problem instance complete 12:22:05
Generating problem instance took 0.000000 seconds
Solution generated started 12:22:05
Solution generation complete12:22:05
Generating a solution took 0.000000 seconds
Total Cost: 9310 
Required Covers 191 
Minimal Covering Columns: 
  590   765  1620   562  1751  1318 
 1072   689   514   494  1181  1012 
 1272  1260   208   189   998  1555 
   30  1768  1472  1273  1457   575 
 1456   945   713   391  1886   446 
 1524  1542  1750  1780   463  1734 
 1306    67  1246  1429  1382   924 
  649  1230   164   624  1761  1337 
  810  1534  1031   380  1864  1118 
 1213   926  1993  1157  1068   880 
  932   902   865   442   473    13 
   39     2    63   511  1149   703 
 1584   789   663   452  1827   702 
 1241  1517  1074   667  1841   480 
  501  1099   478    61   340   434 
  406   815   524   724  1401  1122 
  632   306  1116  1403   612    33 
  585  1319  1117  1156  1552   698 
 1648  1155  1460  1714   651  1469 
 1605  1141   482   827  1359   743 
  712   929   803  1671   870   834 
  105   715   604   772  1347     5 
 1258  1747  1326  1567    65   807 
 1075   672   304   610  1574  1295 
  716   955  1317   643  1222   486 
  773    34   358   642  1669   942 
  538   497   560  1030  1035   249 
 1844   920   365   980   967   523 
  505  1018    15  1045   466  1384 
 1291  1361   740   383   985  1087 
 1049   775  1020  1834  1681  1056 
  568  1320  1197  1437 
