loading file name ./test_data/17scp57.txt
Generating problem instance started 12:22:05
Generating problem instance complete 12:22:05
Generating problem instance took 0.000000 seconds
Solution generated started 12:22:05
Solution generation complete12:22:05
Generating a solution took 0.000000 seconds
Total Cost: 10577 
Required Covers 194 
Minimal Covering Columns: 
  706   836   653   905  1496   545 
  921   910    24   985   468   692 
   46  1134  1781  1083  1320   740 
 1186  1064  1393   746  1656  1238 
  867  1124   694   790   232  1266 
 1844  1614  1272  1451  1610   797 
  741  1097   309  1736  1088  1369 
 1025  1299  1125  1361   996  1358 
 1192   931   376  1255  1129  1193 
 1481  1243   607   951   738   999 
  284  1400  1307  1257  1688  1392 
  237  1057   495  1278  1498   423 
  780  1488  1217  1912  1510  1733 
 1389  1987  1219  1314  1178   668 
 1434  1242  1769   834  1553   419 
  279  1685   745   775   541  1100 
  458   915   551  1348   806   654 
 1767  1347  1234  1533   989   242 
  591  1199  1682   558  1282  1397 
 1408  1001  1503  1768   761   396 
  312  1318  1141  1345  1161  1262 
 1258  1190  1761  1362  1948  1827 
  916  1135  1426  1379   758  1396 
  587  1703  1244  1093   690   725 
  278  1787   820  1560    82   479 
 1597    41  1374  1419   620   936 
 1684  1681  1024   474  1167   585 
 1395  1500   666  1160   321  1226 
 1360   402  1731  1061  1644  1207 
 1796  1589   810  1265  1004   986 
  457   926  1115   874   576  1018 
  486  1817   597  1281  1165  1114 
 1329 
