loading file name ./test_data/18scp58.txt
Generating problem instance started 12:22:05
Generating problem instance complete 12:22:05
Generating problem instance took 0.000000 seconds
Solution generated started 12:22:05
Solution generation complete12:22:05
Generating a solution took 0.000000 seconds
Total Cost: 9913 
Required Covers 190 
Minimal Covering Columns: 
 1361   698  1199  1116  1554  1572 
  949  1441   489   472   668  1717 
 1320   609   946  1672   491  1194 
 1404   434  1443   803  1114  1120 
    5   607   725  1694  1313   409 
 1545   514  1314  1139  1718   533 
 1253   769   699  1714   992   615 
 1743  1676     3  1382  1525   842 
  588  1486  1366   780   802   692 
  820   970  1076    95  1334  1096 
 1026  1041   263   995  1675   342 
  853  1857  1741  1146    21  1375 
 1377  1732  1341  1267  1153  1643 
 1733   548   451   932   789   559 
  832   681  1537   608  1747   144 
   39   914   442   930  1869  1263 
 1196   760  1195   939  1631  1605 
  979  1175   508   736   733  1315 
 1837   361   574  1075  1426  1487 
  855  1571  1660  1286   544   675 
  604  1444  1489   537    75  1703 
 1257   917   367   741  1485   745 
 1179  1243  1296   457  1380   614 
 1132  1736  1318   990  1425  1242 
 1284  1509   210   674  1197  1374 
  885  1356   147   941  1360  1570 
  421    30  1039  1108  1300   562 
 1526  1249   888  1260  1264   981 
  650   560   526   631   162  1261 
  565   360   680  1332  1665   753 
  605   994   947  1346   322  1705 
  796  1532   784 
