loading file name ./test_data/19scp59.txt
Generating problem instance started 12:22:05
Generating problem instance complete 12:22:05
Generating problem instance took 0.000000 seconds
Solution generated started 12:22:05
Solution generation complete12:22:05
Generating a solution took 0.000000 seconds
Total Cost: 9442 
Required Covers 190 
Minimal Covering Columns: 
  584   885    12   722   430   424 
 1005  1106   386    67  1629   336 
 1081  1445    24  1990  1379  1190 
  774    79  1761   379    16   168 
  617   615   400  1565   535   706 
 1633   595  1444  1786  1185   616 
 1150  1573   534  1477   863  1400 
 1331  1220  1792  1948   857  1370 
 1475   636  1505  1435   660   498 
 1294   645  1704  1430  1276   745 
 1597  1205  1697   709  1300   515 
  743   216   267   568   628  1037 
  881   391  1687  1655  1659  1536 
  316    89  1017  1796  1683  1384 
 1702   668  1810  1338  1571  1156 
 1470  1793  1152  1473   469  1112 
 1868   575   974   830   670   129 
  574   631   839   989  1677  1847 
 1293  1089  1056  1453   464   409 
 1303  1747  1010  1355  1354   259 
 1494  1236  1319  1324   564   665 
  590  1484   794   346   305   976 
  309  1695  1101  1076   624  1534 
  625   351  1625  1619  1047  1765 
 1299   687  1149   847   962   723 
  466   850  1438     6   544  1371 
  542   713  1364   779  1273   598 
  926   324   415   384   642  1217 
  478   558  1411  1223   338  1382 
 1665   501   459   479   702  1764 
  663  1214  1242   659   269   512 
 1321  1639   519 
