loading file name ./test_data/20scp510.txt
Generating problem instance started 12:22:05
Generating problem instance complete 12:22:05
Generating problem instance took 0.000000 seconds
Solution generated started 12:22:05
Solution generation complete12:22:05
Generating a solution took 0.000000 seconds
Total Cost: 11216 
Required Covers 192 
Minimal Covering Columns: 
 1201   998   837  1288   615   772 
 1540  1465  1014  1490  1558  1703 
 1621  1536  1394   428   646   979 
 1155   486     3   741  1385  1183 
  652  1044  1299  1867  1507  1415 
 1522  1292  1074   696  1435  1370 
 1257   995  1798  1367  1480  1220 
 1346  1799   959  1357  1073   745 
  506  1618  1216  1396  1131  1154 
 1734  1521   662   541  1581   481 
 1548  1140   657  1134   532  1743 
 1107  1260  1403   761  1157   709 
  992  1130   953  1281   517   655 
 1947  1377  1049   860  1539   845 
 1176  1365   880  1209  1343  1249 
 1128  1593  1386   501  1320  1095 
  487   667    88  1401  1026  1485 
 1505  1573   656  1387  1531  1495 
 1191  1175  1192  1625   899   666 
 1088  1030  1048  1697  1344  1219 
 1303  1408  1380   898  1258   475 
  543  1472  1055  1309  1277   794 
  740  1366  1162  1029  1580   984 
 1873  1770    87   232  1483   571 
 1432  1007  1319   492  1469   921 
  628  1509   733  1455  1232   266 
 1602   997   639   878  1335   699 
 1533   422  1508  1599   520   884 
 1819  1824  1166  1234  1163   563 
 1494  1056  1855   924   987  1673 
  792   960    86     5   842   711 
 1681   633  1782   348  1077 
