loading file name ./test_data/23scp63.txt
Generating problem instance started 12:22:05
Generating problem instance complete 12:22:05
Generating problem instance took 0.000000 seconds
Solution generated started 12:22:05
Solution generation complete12:22:05
Generating a solution took 0.000000 seconds
Total Cost: 10047 
Required Covers 181 
Minimal Covering Columns: 
  779   858   322   556   595   531 
  686   217   941   499   655   416 
  552    77   959   702   758   515 
  278   576   723   606   658   543 
  811   429   976   930   604   883 
  320   943   486   116   574   384 
  797   700   242   380   886   964 
  597   787   469   485   800   410 
  578   617   919   753   718   311 
  646   339   336   467   455   960 
  218   676   652   425   392   958 
  567   423   823   948   474    23 
  358   498   692   141   684   707 
  641   563   630   489   364   913 
  450   466   954   113   427   657 
  395   296   852   760   616   134 
  313   648   593   933   287    22 
  307    89   653   501   527   547 
  506   897   526   484   346   431 
  635   555   261   480   174   670 
  248   714   821   869   618   819 
  642   610   569   529   725   470 
  788   524   227   334   724   254 
   49    12   683   457   901   479 
  582   671   236   896   365   675 
  822   418   734   918   310   650 
  476   344   249   554   622   537 
  534   372   936   188    10   308 
  966   298   204   592   494   191 
  573   849   756   904   520   704 

