loading file name ./test_data/25scp65.txt
Generating problem instance started 12:22:05
Generating problem instance complete 12:22:05
Generating problem instance took 0.000000 seconds
Solution generated started 12:22:05
Solution generation complete12:22:05
Generating a solution took 0.000000 seconds
Total Cost: 9970 
Required Covers 186 
Minimal Covering Columns: 
  951    77     4   454    10   714 
  833   560   487   266   931   698 
  445   339   913   683   162   776 
  301   563   300   365   741   440 
  774   306   142   193   628   582 
  642   540   949   436    15    62 
  768   356   596   143   370   814 
  500   224   137   526   738   659 
  520   475   657   482   424   420 
  685   363   718   888   602    81 
  138   703   546   802   794   245 
  638   906   212   810   800   614 
  456   353   822   515   494   314 
  706   443   742   957   510   495 
    7   417   372   759   731   673 
  541   528   591   707   644   303 
  813   320   843   141   650   712 
   22   395   173   484   344   530 
  369   708   548   508   291   254 
  529   244   904   588   771   840 
  483   472   218   726   572   676 
  618   686   419   784   202   627 
  448   623   603   737   663   660 
  630   695   401   866    46   542 
  330   886   592   170   538   566 
  830   918   826   207   747   902 
  532   126   895   543   764   909 
  755   765   565   225   505   292 
  769   600   521   779   578   504 
  476   727   710   533   384   652 
  828   730   380   525   694 
