loading file name ./test_data/26scpa1.txt
Generating problem instance started 12:22:06
Generating problem instance complete 12:22:06
Generating problem instance took 0.000000 seconds
Solution generated started 12:22:06
Solution generation complete12:22:06
Generating a solution took 0.000000 seconds
Total Cost: 15151 
Required Covers 288 
Minimal Covering Columns: 
 2502  1450  2809  1343   476   495 
 2731  1850  1782  1620  1426  1006 
 2946  2732  2598   674  2550  2634 
  838  2982   273  1986  2695  2417 
  743   677   397  2947  1830  1956 
 1982  2661  1834  2510  2096   663 
 1406  1391  2917  2365  2226   582 
 2567   877  2291   109   615   748 
 2054   801   741  1313  1738  2473 
 1145   206  2627  2662  1900  2749 
 1593   194   793   134  1949  2609 
  765   659   481  2605  2537  2499 
  657   339   245   219  1442  2279 
 1396   199   457  1793   578   833 
 1799  1141  2539  1672   503   173 
 1557   474  2325  1737  1747  2646 
  276   596  2665  2489  2357   292 
 1243  2218    87  2650  2623  2414 
 2327   207  2753   456   967  1304 
 2909  2687   475   380   220  1907 
 1649  1836  2597  2194  1588  2833 
 2063  2206   252  2956  1863  2879 
 2117  1366   839   550  1771  2098 
 1820   395  2259  1282   295   372 
 2139   210  2538  2718   431  2579 
  776   745  1475  2057  2532   332 
 2038  1798  1220   813  1005  1678 
  770  1779  1717  2061   554  2313 
  296  1393   627  1720  2459  2036 
 2175  2166   386   436   961   571 
 1877   313   621  2380  1510  2221 
 1855  2480  2544  1337  1051   108 
  771  1693  2262  2680  2148  1216 
 1379  1920  2209   695  1823   497 
 2944   189  2286  2360  1792  1664 
 2953   721  2531   302  1973  1713 
  411  2326  1621  1764    50   275 
  248  2802  2859   455  2788  1521 
  638   925  2047  1847  2575  2860 
 1315   331  2540  2817  1648  2428 
  498  2297  1302   135  2762  2386 
  879   573  1340  2577  2445  1336 
 2390   763  2217  1596   570  1895 
  517  2370  1569   279  1560  1988 
 2005  1905  1831  1117  1656  2358 
  824  1110  1650   809  2430   876 
 1768  1937   886  1468  2549   584 
 2456   544  1577  2604   409 
