loading file name ./test_data/27scpa2.txt
Generating problem instance started 12:22:06
Generating problem instance complete 12:22:06
Generating problem instance took 0.000000 seconds
Solution generated started 12:22:06
Solution generation complete12:22:06
Generating a solution took 0.000000 seconds
Total Cost: 14878 
Required Covers 288 
Minimal Covering Columns: 
 2795   261  1901   188  2989  2811 
 2914   604   412   503  2291  2105 
  209   278  2696  2589  2525  2198 
 1307   233  2802  1523  2224  2842 
 1735  2581   472  1674   171   570 
  344  1729  1845  1825  2936   507 
  180   588  2675  1719  1645   144 
  824  1495  2600  1876  1808  2234 
 2785  2735   208  1054  1284  1244 
  733  2442  1486   154  1847  1646 
 2024  2392  2503  1235  1144  1978 
 2320  1055  1848   689  2595  1959 
 1383  2167  1231   121  2418  2246 
  821  2324   236   382  1431  2763 
 2990   298   128  2618  1826   310 
 1561   151   420    85   506  1186 
 1751   964  2587   219  1712  1641 
 1865   297   661  1166  1675  1432 
 2212  2011  2139   590   736  1454 
 2687   491   819  2261   539  2801 
 2333  2112  1418  1613  1828   632 
  479  2469   326  1020   620  2165 
  349   875   678  2649  1143  1977 
  259  2160   330   206  1340   729 
  643  2544  1261   680  1721  1822 
  149  2411  1142  1941  2485  1614 
  949  1709  1610  2076   972   186 
 1077  2424  1820  1987   505  1529 
  518   424   443  1852  2647  2803 
 2668  1906   266  1885  2886  1586 
  639   451   406  2698  2458  2306 
 1640   230  1308  1940  1352   546 
 2426  2313   234  2321  1858   291 
 2049  2878  2304   176  2637  1656 
 2054  1365   218  2253  2047  2665 
 2769  1111  2893   795  1975  1582 
  305   334   781  1862   388  2911 
  247  2425   386   440  1543  1861 
 2312  1752  1990   423  2776  1262 
  212   783  2673  1846  2015   845 
 1979   238  2384  2439  1154  2537 
 2214  1841   647  2155   177  1893 
 2718   674   228   312  1850  1995 
  923  2898   346  1682  2455  2534 
 2545   422  2400  2906  2284  2591 
 2527  2552  2678    78   226  1886 
 1963  2775   846  2669  2192   493 
  217  1579  2929   688  1794 
