loading file name ./test_data/28scpa3.txt
Generating problem instance started 12:22:06
Generating problem instance complete 12:22:06
Generating problem instance took 0.000000 seconds
Solution generated started 12:22:06
Solution generation complete12:22:06
Generating a solution took 0.000000 seconds
Total Cost: 15004 
Required Covers 287 
Minimal Covering Columns: 
 1433  2233   952  1776  2646  1733 
 1446   789   825  1645  2338  2392 
 2873  2782  1668  1798  1464  2029 
  275  1861  2695   414   639  1724 
 1584  1813  2979   911  2861   369 
 2344  2438   581  1771   419  1806 
 2194  2557  1774   169   474   720 
  736   763  1639   565  1757   769 
 1360  2632  2147  1413   319   685 
 1321   667  1874  2725   748   254 
  393   124  1833  2821  2987  2789 
 2895  2205  2306  2948   285  2001 
 2682   408  2899  2163  1386   530 
 2624  1678   960   478   528  2549 
  443  1652   158   139   141  1701 
 1878  1751  2945  1388   415   589 
  249  1903  2459  1601   859  1486 
 2611  1981  1675  2473  1569   230 
 1716    71  2716  1189  1832  2398 
 2894   127  2311  1502  1783  2686 
 2477  1186  1142  1963  2063   451 
 2270   617  2858  1901   559  2149 
 1210  2075  2242   866   659   248 
 1042  2576  2154  2620  2962  2418 
   89  2592   684   229  1587   895 
  488   390  2017   583   268  1796 
  899  1560   181  2957  1435    92 
 2315   387   436   466  2186  2062 
  555   270   346  2662   624  2211 
  740  2772  2309  2074  1690  2119 
 1782  2690   988  1526  2262   280 
 2125   322   858  1860   272  2596 
 1317   842  2109   618   977   613 
 1324   417  2325  2702  2864  1842 
  380  1732   470  2439  1593   529 
 2847  2214  2132  1634   377  2747 
 2944   422  1559   621  2259   386 
 2433   574  2585    79  2775  1267 
 2992   660  1825  2876  2931   623 
 2332  1632   558   133  2454  2292 
 2732  1638   198  1327  2475  1263 
 2388  2181  2422  2959  1859   734 
 1482  2836  2273  2133  2733  2947 
 2060  1332  2348  2519  2625  1596 
   97  2676   746  1258  2995   264 
 2363   755  2985  1762   628  1935 
  277   428  2910  2375  2954  1840 
  349  1808  1727  1962 
