loading file name ./test_data/29scpa4.txt
Generating problem instance started 12:22:06
Generating problem instance complete 12:22:06
Generating problem instance took 0.000000 seconds
Solution generated started 12:22:06
Solution generation complete12:22:06
Generating a solution took 0.000000 seconds
Total Cost: 14963 
Required Covers 281 
Minimal Covering Columns: 
 1280   410  1090  2134  2896  2940 
 1750  2882  2169   614  2232  1262 
  171   494  1773  1692   403  1319 
 2453   446  1401  2779  2966   319 
  473  2329  1458  1555   562  2627 
 2458   292  2107  1318  2082  2331 
 2738  1745   834  1171  1747  1980 
 2545   335   488  2215  1687   505 
 2247  1984   703   484   576  2960 
  968   537   817  2444   389  2341 
 1830   970   328  1160  1934  2547 
  277  1890  1923  1111  1161   727 
 1756   985  2200  2525  2605   118 
 2997   606   988   273  2998   218 
 2323  2417  2861  2243  2574  1965 
  100   428   216  2635  2579   370 
 1067   570  2402  1834   265   351 
  317  2630  1651   535   662  2979 
 2678  2400  2487   819  2303  1154 
 2744  2720  1190  2597  2942   525 
 2345   458  2851   215   779  2019 
 2719   674  1481   485   755  1369 
 1217   346   761  2111  2905  2004 
  647  2186  2362  2116  2953  2432 
 1498  1895  1884   933   222   952 
  467  1996  1744   730  2460  2381 
 1971   174  2914   124  2603   285 
  797  1554  1759  2640   453  1279 
  400   510  1476  1305  1829  2804 
 1957  1658  1634   427  1990  2251 
 2647  1973   536  2664   911  2043 
  837  2038  2715   475   398  1674 
  146  1738  2071  2980  2622  2939 
 2293   134   359  2560  1400  2138 
 2373   744   212  2619  2522  2292 
  474  1672   372  2090   826   700 
  812  2357   263  2855  1951  2727 
 1626   338   135   195   987  2115 
  115  2624  1572  2646  2660  1364 
 2077  2229  1686  1488   722  1805 
  451  1839  2621  1882  1785  1778 
 2616  2698   385   288   758  2405 
  827  1720  1964  1519   430  2510 
 2681  2273   838  1253   927   121 
 2672  1602  2969   583  2835  2269 
 2749  2796   396   841  2766  2632 
  694  2949  2992   531 
