loading file name ./test_data/30scpa5.txt
Generating problem instance started 12:22:06
Generating problem instance complete 12:22:06
Generating problem instance took 0.000000 seconds
Solution generated started 12:22:06
Solution generation complete12:22:06
Generating a solution took 0.000000 seconds
Total Cost: 14273 
Required Covers 277 
Minimal Covering Columns: 
   67  2582   211   297  2618  1843 
  611  2458  1475  2730   659  1479 
 1659  2420   817   601    59   455 
 2938  1699   595  2174   281   826 
 2332  2024  1160  1265   199  2077 
  586   214  2739  1948  2309   585 
 2508   884  2218  1729  2338   679 
 2402  1152  2565  2411  2160   482 
 2970  1289  2270  1625  1574  2752 
 1445  2271  1620  2940   563   156 
 2164  1835  2587    41   272  1284 
 1718   625  2249  2849  1719   588 
 2300  1671   543   622  2625  2222 
  405  1610   987  1607   216  1877 
 1242   210  2580  2041  2094  2861 
  223  2817   514  2101   667  1592 
 2023  1866   163  2330  2269  2599 
  751   538  2830   738  1964  1677 
  164  1969   286  2983  1746   581 
 2359   245  1946  2855  2031  1517 
 2982  1860  1907  2113  2355   417 
 1484  2211   914  2126  1725  1444 
  818   778   317  2312  2471  2832 
 2757  1634  1747  1435  2961   251 
 2310   379  1491  1682  1565  1681 
 2107   871  1685   320  2357  2506 
 2572   302  2682  1763  2118  2566 
  858   171   502   685   707   166 
  473   498  1721  2465  1311  2634 
 2285  1393   308   143  1309   636 
 1847  2670   820   571  2014   575 
 2852  1532  2872  1982  2301  2895 
  561  1972  2416  1806  2844  2137 
 1370  1271  1713  2257   438  2075 
 2509   409  1627   390  1261   650 
 2358  1477  1349  2664  2366  1702 
  337  2806  2783   368   587   383 
 1624   946  1232  1772  1846  1371 
 2661  1794  2360   112  1914  2475 
 2336  2443  1181  1092   986  2008 
 2003  2362  2818  2414   847  1400 
 2276  1947   779   319  2122  2246 
 2397   418  1871   647   626   603 
  868  1829   362   830   584   361 
 1757  1762   358   464  2929  1579 
 2437   228   351  2377  2862  1073 

