loading file name ./test_data/31scpb1.txt
Generating problem instance started 12:22:06
Generating problem instance complete 12:22:06
Generating problem instance took 0.000000 seconds
Solution generated started 12:22:06
Solution generation complete12:22:06
Generating a solution took 0.000000 seconds
Total Cost: 15202 
Required Covers 279 
Minimal Covering Columns: 
 1497  2362   944   632  1263  1238 
  719  1794   818  1450  1790  2777 
 1791   487  1797  1954  2594  2234 
 2430   516  1938   755  2065  1425 
 1418  1476   276   829  1962  1257 
 1035  1441  2645  1541  1721    44 
 1370  2497  1825   156  1737  2426 
 2195  1449  1057  2191  1368  1364 
 1899   942  2644  2072  1397  2625 
 2918  1514   248  1002  2145  1639 
 1459   419  1446  2629  2002  1324 
 1658  1131  2489  2641    94  2279 
 1846   100  1001  1999  2343  2064 
 2013  2508  2478  1462  1885  2392 
 2162  2630  1746   935  2202  1803 
 1398  2418  1348  1454  1485  2509 
 2054  1305  2927  1984  1464  1504 
  252  1611  1830   211   254  1589 
 2022  2228  2411  2177  1660  2222 
  514   889  1788  2180   615  1835 
 1713    51  1493  1232  2883  1185 
 1265  1781  1087   699  2381  1562 
 2864  1918  1561   356  2033  1509 
 1620  1353  2676  2436  1289  1074 
 1025  2661  1995  1851  1605  1447 
 2185  2034  1346  1322  1047  1810 
 2854  1594  2239  1654  1592  1752 
  191  1624  1602   691  1261  1991 
  600  1231  2603   570   851   758 
 2575   820  1861  1565  1883  1881 
 2276   897  1945  1496  1933  1288 
  325  2621  1554  2938   499  1563 
 1518  1549  1832  1855   674   861 
 1755  1668  1421  1608  1864  1219 
  299  1635   205  1863  1782  2557 
 2891  1826  1566  1913  1126  1371 
 1674  1326  1843  1869  1806  1331 
 2885  1410  1440   586  2505  1739 
 2672   405  2809  1086  1983  1328 
 2821  2516  2182  1581  2948  2568 
 2779  1850  1583  1865  1559   751 
 1708  1438   221  1359   573  2369 
 2685   639  1468  1733    64  1033 
 1637   212  1953   177  1978  1252 
 2067  2085  1272  1536  1615  1463 
 1439  2443  1444  1778  1052  1212 
 2504  1736 
