loading file name ./test_data/32scpb2.txt
Generating problem instance started 12:22:06
Generating problem instance complete 12:22:07
Generating problem instance took 1.000000 seconds
Solution generated started 12:22:07
Solution generation complete12:22:07
Generating a solution took 0.000000 seconds
Total Cost: 14877 
Required Covers 282 
Minimal Covering Columns: 
  492  2029  1676   759   107  2616 
 1960  1694   283  2310  2346  1524 
  311  1028  2921  2038  2352  1161 
 2240    98   147  1702  2374   430 
   24   775  2026  1627  2198  2213 
 2131  1543  2355  1181   426   274 
 2522  2587    63  2421  1177   842 
 2093   915  1770  1925  1279   284 
 1453  1601  1481    33   464  1539 
 1418  2655   161  1465  1938  1642 
 2030  2102  2494  2946  1902  1593 
 1470   814  2296  2507  2307   233 
  912  1834  2420   401  1152  1768 
  164  2945  2629  1205  1339  1840 
   25  1678  2576  2036   358  1963 
 1918   362   690  1558    78  1573 
 2042  1362   171  2897  1334  1365 
 2953  2986  1583  1348  1371  1780 
 1378  1749   664  1875  1631  1361 
 1363   128   357  2018  2254  1691 
  746  1553  1390   692  2360  1972 
 1660   453  2546  1708  1838  2196 
 1609  1231  1803  1148  1237  1005 
 1993  1653  1556  1771  1094  2947 
 1507  2868  2096  1438  1695  1467 
  478  1723  2589  2109  1629   811 
 2040   325   298  2668   933   963 
 2289  2056     6   922  2444  1425 
 1652   823  1415  2952  1420  1905 
 2059  1738  2628  1477  1476   113 
 2939  2124  2488   431  2157   477 
 1633   952  1685  2351  1740  2104 
 1528  1810  1857  2926   642   264 
 2951  1596  1848   877  1510  1188 
 1688  1180   704  1919   327  2955 
  653  2667  1127   288  2199   172 
  199  2475  2605  1286   768   132 
 1559  2439  1874  1486  1605  2251 
 2067  1401  2436  1751  1065  2107 
  761  2241   668  1288  1736  2303 
 1018  2077   429    69  1939  1155 
 1260  2180   667  1534  2068  2413 
 1985  2052  1498   397  1444  2486 
 1855  1551  1544  1942  1565  2072 
 1017  1954  2294  2155  2505  1999 
 2660  1679  1618  2217  1526  1724 
 1937  1537  1611  1859  1788 
