loading file name ./test_data/33scpb3.txt
Generating problem instance started 12:22:07
Generating problem instance complete 12:22:07
Generating problem instance took 0.000000 seconds
Solution generated started 12:22:07
Solution generation complete12:22:07
Generating a solution took 0.000000 seconds
Total Cost: 15968 
Required Covers 281 
Minimal Covering Columns: 
  243  1899  2937   405   285  1279 
  596  1611  2665  1523  1647  1607 
  830   643   853   315  2331  2707 
  628   767   753  1480   899  1534 
 1844  1760  2223  1664  1331  2008 
 1027  2157  1367   170  1575   693 
 1849   778  1738  1378  2035  1403 
 1772  1645  2682   601  2198  1826 
 2322  1220  1272  2619  2067  2662 
  763  2057  2054  1769  1612  1472 
 1092  2176   340  1912  2408  2668 
 2421  2946   486  1396   339  1713 
  522  2649  2935   634  2014  1661 
 2092  2577   683  1816  1726  2865 
  459  1382  1638  1511  1932  2575 
 2929  1213  1545  2981  2942   209 
 1900  1767  1323  2963  2045  1386 
 2933  1807  2302  2518  2038  2354 
  639  1757  2468  2528  1952  2321 
 2646  1413  1409  2698  1120   173 
 1527  2356  2281  2508  1535   100 
 1628   760  1838  2708  1316   354 
 2452  1466  2534   898   347  1551 
 2217  1471  1650  1328  1663   993 
 1441  2315  1146  2521  2944  1553 
 1618  2018  1178  2621  1865  2026 
 1559  1381  2610  2626  1632  1264 
  521  2056  2374  2672  1901  1803 
  361  1288  1478   146  2562   377 
 2030  2545  1822    75  1039   424 
 1491  2342  1516  2711  2082  1905 
 1424  1652   257  1492  2601  2650 
 1827  2838  2222  1629  1567   563 
 2964  2511  1689  2108   507  1931 
 2730   608   264  1928  2919  1389 
 2288  2414  1770  1936  1660   977 
 2297  2616  1775  2664  1438  2007 
 1364  2069  2245  1965  2769  1737 
 1427  1366  1432  2402  1870   874 
  787  2011  1729   129  2142  2941 
 2977  1289  1062  2048   303   270 
 1337  1298  2544  1621  2595   713 
  784  1350  2158  1525  2751  1473 
  345  2440  1837  1825  2381   309 
 1734  1688   645  2168   250  2053 
 1372   142  1544   831  2107   104 
 2973  1303  1874  2353 
