loading file name ./test_data/34scpb4.txt
Generating problem instance started 12:22:07
Generating problem instance complete 12:22:07
Generating problem instance took 0.000000 seconds
Solution generated started 12:22:07
Solution generation complete12:22:07
Generating a solution took 0.000000 seconds
Total Cost: 14526 
Required Covers 280 
Minimal Covering Columns: 
  376   790   981  1058  2640  1489 
 1553  2497  2434  1409  2683  2907 
 2685   338  1958   365  1318   250 
 2578  2049  1692  1771  1627   659 
  282  1885  2119  1700  2540  1829 
 1467  1844  1338  1761  1534  1873 
 2457  1789  1800  1497   955  2052 
 1463  2176  2401  1637  1817  2572 
 1150  1600  2458  2871  2411  1786 
  642  1008  1032   898  1978   731 
 1254  1492  1991   647   128   395 
  398  1280  2483  1672  1747  2383 
 1164  2395  1542  2550  1951  2626 
 2861  1396   716  1163  2941  2512 
  258  2951  1812   564  2050   235 
 2570  1141   377  2476   993   154 
 2188   195   611  1010  2260   549 
  543  1315   562  1515  1791  1684 
 1349  1645  1348  1547   921  1779 
 1853   306  2367   744  1155  1397 
 2619  2124  1264  1220  2975  1661 
 2938  1431  1505  2646  1915   127 
 1530  1815   407   368  1228  1455 
 1743  1483  2276  1075  1436  1351 
 2436  2617   785   175  2577   663 
  450  1313  1238  1404   768   432 
  722   312  2952   379   452  2522 
 2506  1429   345  1745   472  2024 
 1518   274  2200  1691   335  1963 
 1999  2259  2065  1208   529  1787 
 2702  1599  2077  2002  1843   773 
  767  2080  1727   327  1647  2079 
 1605  1306  1403  2544  2670  1454 
 2595  2631   101    88   757  2530 
 1119  2267  2615  2183  1065   404 
 1810  2042  1773  2567   239  1193 
 1388  1911   399    31  1434  2557 
 2074  2312   320  1350  2659  1742 
 2123  2270  2175  1363  1466  2692 
 1410  2403  2656  1984   665  1612 
 1621  1196  1144    96  2204  1560 
 2478  2215  1959  2669   133  1080 
 2709  1768   715  2087  1806  2061 
 1839   139  2433  1620  2593  1426 
  639  1832  1293  2125  1477  2030 
 1330  1868  1772  1690  1539  2965 
 1407  1734  2099 
