loading file name ./test_data/35scpb5.txt
Generating problem instance started 12:22:07
Generating problem instance complete 12:22:07
Generating problem instance took 0.000000 seconds
Solution generated started 12:22:07
Solution generation complete12:22:07
Generating a solution took 0.000000 seconds
Total Cost: 14462 
Required Covers 279 
Minimal Covering Columns: 
 2063  2181  2281  2945  1539  1846 
 2417   744   701   863   173   409 
 2596  2359   783  1336  2209   319 
 1123  1220   848  2103  2465   672 
 2626  1832   622  1560  2687  1335 
  703  1186  1438   293    44    23 
 2952   351  1556  1323  1452  1774 
  973  1353  1917  1108  2507  1625 
 1510  1341  2650  1063  1490    98 
 1773   160  1946  1357  1803   390 
 1541  1622   434   798  2140  2524 
 1601  1934  1122  1469   149  1218 
  373  1867  1587   333  1631  1410 
  322   947  1571  2111  1514    28 
 1431  1713  1460  2973  1696  2565 
 2662  1679   122  2048   960  2919 
 2344  1018   988   284  2468  2025 
 2139  1982  2217   878  1029  1987 
  340  1405   375  1403   697  2350 
 2413  2202  1478    90  2623  2320 
  480  2705  1921   461  1459  2615 
 1656   538  2110  2080  1522   864 
 1840  1433  2455  1919  1426  2628 
 1641  1267   881  1362  1569  1798 
  625  1969  1928   995  1250  2666 
 2064   345  2496  1927   604  1000 
  414   107  1317   354  2668  1462 
 1986  1474  1810  1517  1635  2039 
 1549  1630  2683  2018  1724   638 
 1588  1112   269  1009  1884  1292 
 1278  1322  2159  1719  1486  1907 
  830  2589  2001  1960  1096  2343 
  482   151  1166  1959  1509  2078 
 1739  1935  2271   621  1222  1019 
  813  2651  1950  1448  1434   315 
 1926  1524   977  2321  1110  1666 
  125  1415  1334  2644  1192  1732 
 1376  2688  1997  2384  1708  2661 
 1068  2936  2028  1325  1900   105 
 2081  2499  2609   440  2074  2690 
 2017  1457  2188    83  1022  1752 
 2171  2656   257   544  1977    61 
 2987  2567  1301  2327   920  2036 
 1901  1306  1261  2633  1575  1446 
  827  2684  1500  1413   456   403 
 2916  1735  1804  2215  2982  1874 
 1821  1299 
