loading file name ./test_data/36scpc1.txt
Generating problem instance started 12:22:07
Generating problem instance complete 12:22:07
Generating problem instance took 0.000000 seconds
Solution generated started 12:22:07
Solution generation complete12:22:07
Generating a solution took 0.000000 seconds
Total Cost: 20385 
Required Covers 381 
Minimal Covering Columns: 
  468   874  3486  3243    89  2017 
 2695  3179  2774  1869  1093  1392 
 3877  2013  2554  3546   419  3894 
 3435   476  1649   727  2835   687 
  935  1758  2471  3698  1084   825 
 3530   822   880   322  3296  3606 
 2792  2840  3603   781  3384  3191 
 3168  1261   911  2057  1339  3307 
  365  1341  3697  3910  3106  3161 
 3314   834  3269   936  1154  2998 
 1292  1186  1443  3757  1437  3727 
 3295    80  2921    65  1108  3100 
  621   593  1521  1905  3048  2235 
  294  2700   677  3911  3933  1447 
 3464  2941   504   123  1666  3885 
 1839  3104  1502  3550  3466  1035 
 3246  3899   423  3023  3674  1935 
 3666  1419  2623  2661  3443  3124 
 3631  3234   800  1709   917  1342 
   88  1216  1131  2337  3070  3072 
 3591  2833  3978  3058  3842  2976 
 3740  1713  3583   100  2849  3874 
 2942   937  3373  1522  2887  3664 
 3854  1094  1385  3485  3683  3722 
 3231  3503  3720   815  3113  1107 
 3794  2852  1985  3883  3545  2237 
 2034  2895   832  3177  3677   471 
 1241   712  2566   162   483   889 
 2465   210   699  2283   673   773 
 2045  1546  3032  3488  1053  1297 
  890  3562  1090  2881    22  3792 
 1933   964  1333   797   247   922 
 2982   676  3062  3661  2135  2947 
 3081  1221  3005   537  1789   485 
  580  3640   783  3525    30  3175 
 3291  3559  3748  3225  1574  3454 
 2948  3717   685  3513  1659  1404 
 1668  1213  3865  3919  3152  3561 
 1327  2805  1420  1301  3310  1809 
 2940    49   828  2278   745  3308 
  101  3506  3633  2816   710   251 
 3076   801  1536  2781  2723  2946 
  994  2447   814  1271  3691    24 
 1793  2322   597   500  3557   391 
 3601  3172  2504  1007  1989   279 
 3404  2000   460  2775  3173  2867 
 1324    92  1594  3273  1570   525 
  200  1212  3021  3680  2671   792 
 2797  2298  3287    61   596  2959 
 3499  3284  1148  3069  2957   985 
 3236  3773   614  3734   156  1367 
 2882  3103  1640  1479   326  3566 
 1230  3974  3927   908  2198  1215 
  564  1899   635  2245   501  3044 
 3703   120   979   368  3022   731 
  538  1474   300  2587  1293  2900 
 1099  3192  3608  2973   416   780 
 3131   223  2571  1082  2834  1199 
 3923  2916  2156     8  2907  3786 
 2844  1661  3110  2155  1135   823 
 2390  2232  3038  1244  2177   650 
 3338  1858  1556   206  2837   643 
 1454  2288  1323  1460   414   729 
 3049  2997 
