loading file name ./test_data/37scpc2.txt
Generating problem instance started 12:22:08
Generating problem instance complete 12:22:08
Generating problem instance took 0.000000 seconds
Solution generated started 12:22:08
Solution generation complete12:22:08
Generating a solution took 0.000000 seconds
Total Cost: 19479 
Required Covers 382 
Minimal Covering Columns: 
 1242    52  2884  3689  2987  3210 
  850  3113   333  1295  3006   129 
  835   578  1180   577  3136  3284 
 3816  3398  2285  1734  1204  1678 
  584   540  3218  3186  1644  3023 
  691  2372  3730   563  3163  2103 
 3358   218  3106   945  3967  1250 
 1044  3718  1062  2387  2965  3171 
  829  2482  1778  2926  1637  3102 
 1718   127  3543  3373    66  1325 
  255   845   137  2204  3359  3491 
 1529  2229  3506  1596  3057  3026 
  136  3772  2841  1072    64  3927 
 2661  1693  1125   969   209  3224 
 3379    89  3687  3968   987  3842 
 1485  3386  3087   645  1664   244 
 3916  3832   968   534  3275  1737 
 3170  3114  3587  1415  2432  2623 
  141   155  1246   784  1624  3216 
 3286  2399  1091  3002  3798   241 
  184  1283  2995  2619  2273   663 
 3108  3555  3139   272  3204  2296 
 1351  2967   863  1417   492   142 
  732  1258  3285  1053  3987  2232 
 2922  1138  3133  1115   580  2791 
 1025  1075  2322  3435   235   124 
 1394   868  2819  3969  3544   712 
 1439  2971  3049  1189  1041  1697 
 1562  3557  1105  2260  1606   581 
 1182  1859  1735   823  1954  3943 
 1716  3940  3181  2112   499  2529 
  146  1783  3072   448   425  3235 
 3496  1956   251  3745  3387  3608 
 3900  2059   848  1531  3981  3835 
 1291  1393  3780   157  1144  3148 
  979   825  3201  3344   798  1037 
 3193  1111   368   555  2325  3834 
 1680  3374  3014  3223   108  2439 
 3161  1520  2912  2099   163   843 
 2216  1078  2825  3356  2956  3084 
 3064  3577  3740  1358  1035  3815 
 3720  2085  2125   113  3365  2141 
 2424  2301  3686   212   126  1026 
  392  3059  3063  3046   456  3988 
 1646  3575  3185   343  3099  2603 
 2580  1201  3542  2957   452   130 
 1332   206  1059  3737  1563  3024 
 3768  3827  3241    27   655   590 
 3645  3245  2820  2870  3246  2209 
 1444  1012   893   449  3069  2989 
 1344  3080  1294  3152  1703  3291 
 2771  2159   783  1454  3157   310 
 1804  3266   547   675  3036  3348 
  240  2397   751  1504  1930  3855 
 3375  3723   147   466  1483   459 
 3959   832  2357   739   808  1883 
 1786   599   726   867  1108  3657 
 1682  1042   250    56  2157  3029 
 3724  2942  2904  1066   198  3305 
  579  3274  2605  3353  3597  2341 
 3192  3853  1300  3159  1691  1453 
 1699  2452   793   535  1163  2258 
  939  2973  3103  3172  1990  3978 
 1370   261  3228 
