loading file name ./test_data/38scpc3.txt
Generating problem instance started 12:22:08
Generating problem instance complete 12:22:08
Generating problem instance took 0.000000 seconds
Solution generated started 12:22:08
Solution generation complete12:22:08
Generating a solution took 0.000000 seconds
Total Cost: 19445 
Required Covers 377 
Minimal Covering Columns: 
  309   666  3213  2763  2175  1934 
 1519  3192  1273  3383  3030   336 
 1150  1612  1994  3054  1868   182 
 3643  2958   204  3196   158  3188 
 2225    91   395  2797   437  3895 
   60  1639   836   786   825   440 
  566   689   734   873  1109  2778 
 1006   760   346  1079   941  3724 
 3143  2260  2856   214  3108  1513 
  120  1239   589  3849  2545  3302 
 3534   999   147   936  2492   960 
 1662  1404  3075  3372  2404   199 
  121   298  1379     4   900  1699 
 3299  1786  1355  3936  3574  2852 
 1403   200  3217  3719  1222  3818 
  634   418   472  3497  3212  1425 
  988  1295   128   791  3823  3522 
 1669  3038  3263   994  3469  2275 
  536  1134  3814  3980  1267  2261 
 3013   686  2984  1288   497  3593 
 2053  3349   196  3078  2228  1456 
 2278   996   439  1062  2479  2934 
 3157  3117  2462  1874  1237  1557 
 2535  1720  1340  3610  1565   704 
 1327  1221   832  2903   620  3300 
 3807  3914  3265  3606  1553  3141 
 3049   366  3122  3102  3438  2078 
   57  2102  1636  1080   925  1931 
 3683  3391   206  3649  1761  3997 
 2299  3826  3098  2764  1836  3268 
 3563  3501   866  3782   193   578 
 3787  1686   288   489  3344   939 
   45  3904   103  2879   806  1589 
 3223  3253  1185  2580  1811   224 
 2731   125   715  2926  2693  2304 
 3793  3505  3813   683  3660  2284 
  485  1585  1142  1362   670    81 
  714  1274  2987   695  2197  2113 
 3144  3279  2917  1796  1303   163 
 1096  1330  3405  2075   657  3763 
 1472  2973  2310   343   702  2831 
 2904  3090  3609  1215  3191   551 
 1517  3520  1158  2203  1866  1958 
  365  3698  1886  3942   809  3987 
 3155  1659   113   983  1740  1621 
 1448   520   549  3190   748  2441 
 1369   491   853  3296  2190  1485 
 1568  3541  3738  1048  3835  3172 
 2931   773  3836  3298  2230  1145 
 3161  1108  3934  3838   976  3069 
 3751  3322  3670  3765  2994  3572 
 3731  1149   817  2163  1031  2915 
 3304  2911   397  3717  2015  3052 
 1546  3319  3221  1232  2047  2161 
  436  2943  3846  2399  3715   581 
  850  3492  2821  3985  2997   466 
 1209  3079   233  1496   105  1436 
  787   321  3066  3400  1265  1590 
  447  3911  1599  2560   685  2129 
 3721  3747  3103  2426    33  3115 
 1512  1332  3712  2148  3662  2897 
 1758  2981  3246   630  1399   947 
  823  3152  3377    20 
