loading file name ./test_data/39scpc4.txt
Generating problem instance started 12:22:08
Generating problem instance complete 12:22:08
Generating problem instance took 0.000000 seconds
Solution generated started 12:22:08
Solution generation complete12:22:08
Generating a solution took 0.000000 seconds
Total Cost: 19382 
Required Covers 380 
Minimal Covering Columns: 
 3338   539  3396  1171   939   334 
  175    77   650  3667  3053  2125 
 3368  2347   576   522  3982  1247 
 3991  3158  3034   783  1468  1703 
 1004   454   631  1383  1922  1635 
 2994  3776  3274  3002  3355  3768 
  899  1030  2465  3795  1061   550 
 1277  3854  2962  3105  3582  1266 
  880   819  1873  3132  2197  1126 
 1852  3286  1519  2953   377  1863 
 1948  3458  1527  3284   241   254 
  561   655  2663  3143  1217  3775 
  986  2968  3127  3130   461  3392 
  813  3912  2861  3603  3046   962 
 1299  1558   282  3711  1340  3552 
  574  1165  3451  1906  1864  2946 
 3081   917  2295   892  3943  3777 
 1481   189  2875  2193  1690   564 
 3681   674  2393   743  1321   918 
 2876  3116   251   815  2941  2169 
 3671  2819   160   625  3728  2002 
 3086  3636  2088  3369  1311  1218 
 1216  3365   174  2054  2228  1506 
 2923   853   856  2916  1258   363 
 3682  2995   600  3903  1993  2278 
 1368  1449  2852  3073  3974  2271 
 1996  3625  2367  1704   150  1106 
 3958   362   324  1647  3176  3840 
 2379   620  2349  1758   274  1563 
 1250  3304   893  2594  3505  1881 
  374  3318  3323  3212   616  1075 
 3108    49  3407   554  3618     2 
 3691  3111  2739   621  3381  3818 
  760   403  1000  3075  1807  3353 
 2983    84  3129  2033  3227   345 
 1524  3722   140  1532  1346  1241 
 3575  1223  3762  2597  3973   868 
 3670   957  1006  3425   879  2217 
 2178  2661  2883  2643  2320  1488 
  397  1551   124   235   715   936 
  191  3023  1654  3702   584   724 
 2353  1814   698  2168  2776  3175 
 3727  3264  3805  2574  2961  1374 
 2477   137  1388  1307   788  2126 
 2308   992   671   747    54  3992 
 2907  3031  2287   364  3087   379 
 2158  1784   672  3783   560   952 
 3234  1528  3638  1157  3676  1715 
 3281  3635   106  3825  1088  3799 
 1466   546  1232  1730   252  1391 
 3340  3205  1580  3094  3312  1536 
 2092  2966    47   837  2431  3126 
 2170  3445   411  3931  3292   283 
    5  1271  1642  3909  2744  2943 
 3808  2425  3994  3829  3706    16 
  748  3519   701  1638  3375  1446 
  173  3542   467  3893   735  3178 
 3008  3707  1297  1005  1373  2561 
 1394   618  2985  1760  3734   313 
 1625  1074  1400   109  3977   937 
 3125  3341  2809  3622   623  1172 
 3714   170  3298  2267   453  2922 
  181  2120  2476   138   784  1333 
 3065 
