loading file name ./test_data/40scpc5.txt
Generating problem instance started 12:22:08
Generating problem instance complete 12:22:08
Generating problem instance took 0.000000 seconds
Solution generated started 12:22:08
Solution generation complete12:22:08
Generating a solution took 0.000000 seconds
Total Cost: 18396 
Required Covers 373 
Minimal Covering Columns: 
  757  3707   206  2980  2721  3173 
 1078  1287   182  2036  3107  1411 
 3446  3417    11  3716  1345  1775 
 3890  2218  2184  1444  3636  3077 
 1668  3835  1600  1070  1368  3044 
 3793   909  1095  2626  1255   534 
 1100   170   885  1278  3307  2223 
  929   648  3585   537  1399  3164 
   17   743  1706  3748  1946  3344 
   83  2778  2966  3588  3527  3316 
 3269  1079  3976   991  3132  2894 
 2761  3195  1332  3644   838  3327 
 2814   140   749  1412  3332  3574 
 3427  1039    50  3166  2882   245 
 3535   716   257  1403  3029  3402 
  840   128  3250  1226   520  2760 
 1557   162  1990  3821   728  1127 
 1813     2   747  1181   916   199 
 1712  2562  1050    79  1061   108 
 3593  2316  2955  3840  3075   769 
 1587  3666   650   880    92  3853 
  660  1268  2962   986   536  3253 
 2458  1507  3550  3773     9  1983 
  118  1248  3642  2174   932   927 
 3641  1879    24  3920  2977  3022 
  373  1318  3608   364  1215   701 
 1603  3404  3039  3292   130  1464 
  347  3565  3598     7  1525   202 
 1731  3526  2391  3387  3690  3864 
 1249  1750   168   464  3318  3577 
 3471  2968  3324  1681  1325  1184 
 2921    58   765   270   989  1327 
 1934  3704   316  2432  2945  3157 
 1585  1742  1349   827  3967  1725 
 3968  1515  3640  1921    51  3198 
 3058   533  1066  3751   516  3190 
 3169  1661  3242  3361  1512  3192 
  857  2300  2177  1486  2501  1982 
  446  2963   186  3364  3365  3897 
 1915  3941  2368  1060  1503   837 
  686  1711  1124  2016  3205   215 
  646  2208  3846  1853  3158  3246 
 3647    49    76  3972   164  2885 
 3030  2423  1863  3490   293  1139 
  247   284  2269  1274   339  2972 
 3375  3333   177  1402  3435  3484 
  968   560  3023   983  3385  1663 
 1064  1094  1298  3791  1115  3855 
  955  2118  3154  1220   556  2729 
 2247  3227  2381  1747   271  2560 
  194  3042   285  2956  1976   499 
  232  3027  3500  1098   923  1597 
 1446   144  2346  1293   638  2282 
 3047  1757   208  3463   234  3913 
 3101  1700   252   612   699   803 
 3118  3063   389  3817  3537   781 
 1207   859  2779  3532   950   913 
 2284  1529  1270   564  1116   509 
 1865  2903   470  3384  2267  1092 
 1277  2794   610  1003  1634  3731 
 3749  2651   659  1253   296   951 
 3176  2922   903  3591  2886  3408 

