loading file name ./test_data/41scpd1.txt
Generating problem instance started 12:22:08
Generating problem instance complete 12:22:09
Generating problem instance took 1.000000 seconds
Solution generated started 12:22:09
Solution generation complete12:22:09
Generating a solution took 0.000000 seconds
Total Cost: 20069 
Required Covers 375 
Minimal Covering Columns: 
 3313  1081  3141   784  2756   924 
 3573  2512  2880  1865  2892  1354 
 2920  3921  3720  1942   765  2269 
 3961  1824  3240   815  3464  3832 
 3411  2960   852  3071  3235   553 
 1254  2355  1448  1994  3124  1350 
 2807  2913  2850  1452   964  1732 
 3151  3516  2192  2704  2126  3194 
 1073  3120   951  1543  2887   859 
 3925  2053  1228  2242  1009   652 
 2600  2787  1124   843   358   899 
 2847  1019   667  3285  3679   733 
 3499    17  2592  1011  2831  2730 
  923  2861  2708  2904  1237   945 
 3126  1913  2241   900  3969  2577 
 2933   776  3307  2458  2941  1925 
 2773   513  2146  1125  1784  1380 
 1234  3419  3919  2698  1422  3370 
 3876  3364  2018   949   427  1793 
  897  1724  1067  2870  3281  2922 
 2157   455   973  1821  3156  2472 
 3959  2796  3815  1038   661  1179 
 1850  1049  3168  1574  1098   837 
 2710  1021   959   766  3231  3940 
  823  2724  2711  3292  3694    40 
 3418   709  3232  1101  3651  2906 
 3083   872  1567  3349   608  3360 
 3096  3081  2222   320  2869  3749 
 1007  2865  3968  3916  3101  2520 
  844   894  3220   741   740  3944 
 1791  1666  2179  1987  1346  3174 
 1843  3806   932   772  2777  3210 
  581  3100  3355  3949  3943  1640 
 2958  3067  3957   775   743  3493 
  590    66   638  3873  3835   666 
 3031  3689  3135  2022  2978  3333 
 1112   745  2296  2185  3409  2836 
 2663  3184  2528  2275  3394  2448 
 2155   690  2720   928   217   888 
 1309  2075  2332  3942  2383  3102 
 3963   261  2175  2567   668   287 
 2833  2643   968  1441   471  2721 
  756  1652  3040  2373  2729  3366 
 3146  2746   812  3483  1134  1882 
 1207  1417  1269   985  1265   554 
  828  1683  3163  1344  3512   551 
  691   641  3170  1698  2254  3228 
 2843  2380  3369   708  2750   751 
 3498  2670   688  1131  3125  2576 
 3069   889  1025  1186  2665   827 
 2392  2612  2687   479  2167   702 
  809   179  2705  2480  3918  3701 
 2714  2294   877  1984  1494  3887 
 3304  1212  3581  3421   933   808 
  723  3140  1893  2802  1077   890 
  758  2170   832  2977   267  2907 
 3659  2911  2034  3970   901   975 
 1475   883  1675  2727  1771  1658 
  811  1393  2621  2186  1327  1360 
 2533   778  1306    91  3173   979 
 3817  3028  2110  3109   954  1190 
 2238  1051  3051  1264  3427  1083 
   50  2975 
