loading file name ./test_data/42scpd2.txt
Generating problem instance started 12:22:09
Generating problem instance complete 12:22:09
Generating problem instance took 0.000000 seconds
Solution generated started 12:22:09
Solution generation complete12:22:09
Generating a solution took 0.000000 seconds
Total Cost: 18842 
Required Covers 369 
Minimal Covering Columns: 
  998   571  2940  1256   354    80 
  854  3407  2446  2772  3225  3040 
 1384  2724   913   847  3886  1652 
  587  1745  3078  1074  2209  2804 
  908  2139  2521  3075  3942  3927 
 3358    39  1673  3251   579  3774 
 2780  2541  1775  3180  1412   982 
 3174  1374  3159  3828  1676  1146 
 2590   964   967  2532  3705  2761 
 3944  2152  3170   759   737  1145 
 2575   774  3031  2456  3479  1050 
 2597    50  2652  3420  3610  1558 
 2514   951  3677  3124  2508  3008 
 2788  3100  3089  2707  2299  2142 
 1014   802  1324  2491  2331  3764 
   40  2127  2945  2746  2769  1576 
 1066  1476    32   683  3312   266 
 1283  2696  2518  3139   673   312 
 2813   834  3033  3087  1499   447 
 2702  1388  2327  1010  3036   836 
 3877  1065  2693   778   569  3402 
 3266  2902  1064  1243  3193   838 
 1688  3189  2881  3497  2355  1497 
 2261  3178  3915  2239  1279   840 
 2369  1666  2726   654  2722  1460 
 2649   668  3368  1136  1277  2539 
  798  3015   372  2919  3370  1174 
  760  2868   808  2410  2667  2680 
 2818  2150   715  2743  2581  3462 
 2681  2459   613  1966  2695  2302 
 3050    17  3289  3878  1608  3059 
 1365  1056   812   776  1139  1389 
 3150   794  2797  1168  3248  2932 
  777  3037  1836  3063  2504   954 
  582   717  2853  2059  3967  3053 
  985  2988  2914  1683  2708  1764 
 3090  2928  1861  2637  2170  1325 
  873  2870    42  3283  2145  1172 
  319   916   902  3473  1376  2719 
  614  1258  3972  3459   570  2947 
  935  1302  3258  1184   687   156 
 2489  1965  2574  1502  3849  1469 
 1714  3695   755  2282  2628  3953 
  801  1547  1771  1405   455   850 
 1356  2346   525  3359  3147  3325 
 1995  1741  3018   867   960  1440 
  936  3450   885  3334   503   669 
 2630  3213  1069  3110  3226  3249 
 2877  2843   957  1261  2210  2941 
  640  2241   600  1125   682  1173 
 3048  2706  1631   790  2079   918 
 3487    37   621  2942   923  2737 
  900  2733   663   919  1245  1911 
 2217   931  1756   664  2958  3935 
  243  3098  1940  3120  3863  2336 
 3269  3887  3531  1495  2812  1397 
 1675  1155  2010  1088  1530  1043 
 1732  1047  2673  3891  2132  2549 
 1264  1827  3055  3261  3964  2851 
 2559  1128  3216   969  2955  3223 
 3206   831   727  3091  3467   751 
  922  2292 
