loading file name ./test_data/43scpd3.txt
Generating problem instance started 12:22:09
Generating problem instance complete 12:22:10
Generating problem instance took 1.000000 seconds
Solution generated started 12:22:10
Solution generation complete12:22:10
Generating a solution took 0.000000 seconds
Total Cost: 19146 
Required Covers 378 
Minimal Covering Columns: 
 1261   520   943  2614  1683  3157 
 3829   770    11  3056  1703  3876 
 2667  3782  2879    63  3899  3878 
 2769  2741   976  3262   608  2005 
 3764  1023  1173    22   462  3031 
 2445  1206  2493  1060  2519  3559 
 2897    95  3062   734  3949  3375 
  289  2733  1232  1866  2909  1746 
  966  1272  3398  3194  2723  1040 
  779  2837  2780  2678  3221   876 
  239  3445   759   154  3321  2774 
  872  2899  2960  3244    85  3120 
 1713   394  3108   877   822   325 
 2558  3514   742   858   869   904 
  890  1227  1865   527  1048  2581 
 3796  3434  3543  2952  1685  3250 
 2875  2622  1302  1229   340  3203 
 3517  1325  1220  2118  2077  2868 
 1706  2588   367  3873  2426  2867 
 2382  1779  1782  1600  1136  2798 
 1911  1715   809   725   815  3588 
  973   935  1377  1938  1684     1 
 1359  3088  3200  3453  1320   820 
 2825  2775   971   542   481  2905 
  992   225  2124  1179  3924   712 
 1169   998   721  1260  1665  3351 
 3925  3361  3338  1408  1315  3485 
  905  2955  3180     8   894   316 
 2680  3464  3004   821  2254  1058 
 2243   922  3367  2573   831  1077 
  762   863  1609  3000  2984  3044 
 2974  1720  2552   867  3197  2839 
 1200  3246  2221  1696  1401  2586 
 2921  3953  2443  3329  3204  3119 
 3483  1439  2633  3151  1002  1250 
 2314  1249   711  1321  2356  3249 
 3335  2938   986  3366  1131  1030 
 3895  2537  1667   286  3183  1928 
 2976   198  2971   670  3466    43 
  927  3783  2602  3298    47  3497 
  271  1442  3053  3009  1653  1649 
 3148  2381  3393  2039    10  1406 
 2998  2920  3211  3179   120  3726 
 1451  2755   682  3856  3242   934 
   54  3283    40   698  2685   371 
  982  1786   735    15   659  1130 
 1225  2742   836  2831  1638  1670 
 3770  2752  1741  1987   663  2770 
 3377  2854   789  2990  1319  3047 
 1308  1974  3886  2896  1031  3165 
 1094  2994  2160  2516  1112  3348 
 2946  3198  1047  2571     7  2961 
 1619  3169  1563  2767  3341  1382 
 3127  2450  2541   603  1843  1011 
 1417  1143  1146   311  2945  2200 
   79  2956  2315  1213     6  2989 
  544  2634  1370  1009   764  3272 
  910   778  3013  3101   860    16 
 1026  1128   643  1833  3536   151 
 1811  3064  1517  3011   756  3012 
 3674   900  3720  2714  1630  1095 
 2430  1821   743  3326   365   428 
 2934  2208  2720  2922   593 
