loading file name ./test_data/44scpd4.txt
Generating problem instance started 12:22:10
Generating problem instance complete 12:22:10
Generating problem instance took 0.000000 seconds
Solution generated started 12:22:10
Solution generation complete12:22:10
Generating a solution took 0.000000 seconds
Total Cost: 18593 
Required Covers 376 
Minimal Covering Columns: 
 1264  1880  3460  3001  2634  2090 
 1417  3358  2406    94  1652  3839 
  311  3217  3228  1702  3820  3275 
 2771  2384  3664  2819   787  2788 
 2531  2623   637  1127  3089  2914 
 1527   786  2929   414  1045  1701 
 2846  2820  1121   859  2456  3151 
 2865  1644  1867   704  2798  2390 
 1720   152  3357   664  3791   938 
 2288  3110   130  3342  1511  3660 
 3390  3066   882  1051  2614   857 
 1284  1522   595   986  2827   970 
 3264  2971   815   481  3060  1875 
 1227  1411  3198  1143  3653   901 
  988  3704  2503   869   910   675 
  923  1713   979  1755  2507  3057 
   51   477  1890  1148  1161  2158 
 3832  1385  3598  2891  3489  3108 
  421  1218  3862  3099  2665  3543 
 1478  3112   702  2530  3518  1166 
  635  2888  3487  3432  2994  3391 
 1285  2022   105  1623   830  3377 
  878  3952  2995  1766  1496    85 
 2911  2393  1910    77    10   858 
 3765  1853  3197  2054  1026  1141 
  913  3380  3244  1983  1784  2140 
  915  1591  2916  1032  3451  3039 
 3323  2730  2898   471   349  1934 
 1928  3270  1019   762  3286  2707 
 1389  3889  2949  2228   567   761 
 3485  2700  1815  1041  2793   941 
 2890   803  3759  2785  1826  1670 
  591  2954  1100   769   337   975 
 2984   119  1541   951  3127   395 
  363  3917  3398  3188  3225  3053 
 3328  3338  1018  2519  2775    12 
 1782  1398  2480  3421  1545  1744 
 3378  1687  3166  1182  1588   872 
 1226  1732  2309   904  3281  3141 
 2149  2026  1619  3406  1077   942 
   46  2726  2831  3311  1277  2368 
 1010  2887  3306  3425   935  1103 
 3519   855  2991  2426  2708  1596 
 1309  2646  1938  2651  3482  1888 
 2861  2316  1404  1205   891   700 
 2803     7  2373    14  1814  1422 
 2958  1946   866  3788  2521  3258 
 2639  1242  2101  3350   341    16 
 1967  2736  1827   972  2354   468 
 1659  1544  2118  3824  1429  2847 
 3220  2552  3105  1608  1056    30 
 1458  3240   788  2474  3114  2626 
  742  3221  3566  1099   611  3429 
  774  1503   131  1595  2505  1239 
  163  1416  2524  3010  1140  1180 
 2763  1009     3     6   773   880 
 3818   759   283  3516    66   625 
  732  2837   952   720  3122  1840 
 3502   748  1658  2495  1643  3394 
  814  2761  2578  3174  2358  2233 
 2866   981  1535    59  1048  1442 
  677  3091   841  1662  1273   768 
 2607   589     9 
