loading file name ./test_data/45scpd5.txt
Generating problem instance started 12:22:10
Generating problem instance complete 12:22:10
Generating problem instance took 0.000000 seconds
Solution generated started 12:22:10
Solution generation complete12:22:10
Generating a solution took 0.000000 seconds
Total Cost: 18394 
Required Covers 375 
Minimal Covering Columns: 
 1036  1870  1615  2679  1251  3264 
  470  3326    21  1489  3864  2282 
 2929   808  3211  2330  2365  1248 
 2712  3301  1995  2762  2814   880 
  400   838  2971   975  1513  1215 
 1371  2921  3342  1401  2979  1265 
 2919  1363  2799  1212  2816  1216 
 2364  2765  2845  2882  2427  1676 
 1459   986  1692  1616   340   512 
  775  2454   973  3494  1576  2029 
 3252  3556  3178  2811  3091  2068 
 1250   952  2739  2613   928  3061 
  469  3173  1831  1240   907   776 
 1075   606  1151   898  2098  1572 
  825   968   723   993   805  2332 
    1   798  3507  2697  2239  3109 
  927  2201  2126  1367  2343  1415 
 2836  1712  1074  2812     6  3809 
 2784  1583   757  2548  1256  1965 
  697  2924  2728  1098  2790  3834 
  806  3796   451  2400  2730  3910 
 2886  3853   563   368   165  2938 
 1744   871  2792   987  1479  3488 
 1866   969  1670  3158  3037    73 
 1743  1331  1442  3124  1320   286 
 2206  2827  1906  3395  3093   812 
 1481  1406  3297  1164  2893   454 
 1389  1427  1879  2802   970   755 
    2   376  3888  3567  2696  2954 
 1002   750    17  2760   456   922 
 1024  2666  2832  3291   680  2932 
 1425  1364  2618   979  3021   786 
 1453  1102   896  3430  1564  1073 
 3139   365  3361  3619   999   573 
 1409  1501   535   872  2881  2591 
 2774  3540  2443  2317  2537  1414 
 1586   814   428  3074  3166  1267 
 3721  3748  3325  1733  3323  1400 
 1746   915  2530  3752  1475  3425 
 1182  3370  1169   966    20  2649 
 2817  2366  1239  1372  3332  3096 
 3027   781  3851   830  3215  3832 
 3053  2657   754  1434   732  1008 
 2916  1390  1107  2033   225   716 
 3157  1091  1066  2342  2907  1089 
 1619  2899   983  1108     3   585 
    4    15   767  3493  2775  1488 
 2684  3082   553  3256  2942  1592 
   19   328  3344  2861  3518  2961 
 2576   900  2480  1097  1736   299 
 1155  3226  3519  2552  3502  2990 
  846  1869  3044  1741  2764  1326 
  407  2496  1121    18   787   656 
  678  1604  2701  3299  3578   894 
  330  2681  3525  2933  2734  2102 
 1019  2995  3243   799   956  3353 
 1088   704  1448  1185  2575  1084 
 3482  1525  2211  3526  2818  2714 
  963   135  3315  3329   418  3733 
  811  3236   843  3172  1147  3358 
 2855   797  3213  3778  3194  1867 
 3272  2346   612  2801  1633  1247 
 2565  3453 
