loading file name ./test_data/46scpnre1.txt
Generating problem instance started 12:22:10
Generating problem instance complete 12:22:11
Generating problem instance took 1.000000 seconds
Solution generated started 12:22:11
Solution generation complete12:22:11
Generating a solution took 0.000000 seconds
Total Cost: 23261 
Required Covers 468 
Minimal Covering Columns: 
 4514  1706  4908  1841  1614  1705 
 3824  2892  3022  2882  2400  2151 
  406  4519  4955  1316  1636  1034 
 3792  4646  3566   945   301  3232 
 3171   310  2978  1237  1106  4925 
 3398  1046  3617   993  4008  3012 
 4871  1501  3433  4385  1425   839 
  422  3648   778   494   776  2936 
 2389  4160  3147  1255  2408  3255 
 1908  1759   456  3230  1083  4622 
  569  4522  1965  1612  4496  3594 
 1139  1400  4494  4153   791  2731 
  846   851  4922  4627  3585  1707 
 3888  1689    12  4307  1877  4293 
 2257  1682  1806  4332  2318  4524 
 4238     1  4934   273  1322  3728 
 3988   863  3556   709  2530  4085 
 3700  3944   754    17   353   231 
  848  4516  3970  4941   855  4531 
 3691  4901  3233  2438  3590    75 
  801  4300  2108  1953  2095  4478 
 4062  2824  4261     3  4938  3524 
  391  3668    33  2952  1882  4248 
  590  1717   417  3040  4882   674 
   10  3657  4327  2750  3021   600 
 1478    31  2867  4592  4124   405 
  804  4324  1902  1750  2765   408 
 2407   584  1768   821  4880  2773 
 1519  3146  3618  3114   900  2452 
 1073   735  2425  4219  4587    44 
  533  2458  4411  3097  4786  2636 
 2932  3475    56  1277  2829  4009 
 2282  4342  1203  2105  3061  1156 
 4894  3616  3209  3143  3082  3219 
  506  2271  4022  1193  2712  1598 
  429  1917  2182  3184   305  2823 
 3813  2819  1096  4896  4034   471 
 2201  2803  1172  4923  1482  4932 
 2017  3571   532  2100   475  2021 
 4260  4952  4580    60  2074  1836 
  403   443  1587   316  4088  2500 
 1261  4274  2839  4594  4337  1350 
 2647  2698  4438   381   276  2229 
 1923  1437   789  2833  4037  2325 
 4491   376  1648  1510  4492  4916 
 4602  3161   490  3426  1397  2923 
 1143  2217  3742   309  1474  1241 
 1136  3540   670    25  3767  1627 
 2593    18  1851  1695  2781  2857 
 3373   416  2441   214  3275  2134 
 4549   673  4468  4330  4314  2110 
 3455  2422  1188  3526  1279  3960 
 4227  3996  1238   296  2514  1980 
 3873  2336  2446  3131   298  4433 
  792   383  1870  3336  4515    15 
 1959  4542  2645  2206  3366  1394 
 4212  3811  2691  4898   476  3072 
  669  3333  3552   348  4452  1969 
 3800  1958   771  2888  1949  4284 
  856  2048  2780  2358  4910   421 
  224  2562  3023  4310  1921  4220 
 1651  2420  3570    77  1580  4891 
 1858  1224   364  2974  4333  2850 
 2612  4620  4501   782  1449  4025 
 4920  3934  3059  2140  3827    36 
  779  1743  1152  4906  2195  3843 
   11  1112  3979   472  4642   407 
 1357   824  2132  1505  4306    63 
 3743  1153   497   899  4388   269 
 2057  3201  2876  4048   501  4050 
 2005  2668   714  3518  1436  1242 
 3231  1655  4000   730   374   628 
 1287  1189   500  2626  4345  1696 
  488  2405  3606  1155  2344  2901 
 2226  3084  4508  2564  3038  1592 
  852  1716  4623  1221  3236  4546 
 1299   377   404   457  3175  1693 
 2251  1843  2025  4392  3434 
