loading file name ./test_data/47scpnre2.txt
Generating problem instance started 12:22:11
Generating problem instance complete 12:22:12
Generating problem instance took 1.000000 seconds
Solution generated started 12:22:12
Solution generation complete12:22:12
Generating a solution took 0.000000 seconds
Total Cost: 24016 
Required Covers 477 
Minimal Covering Columns: 
 2330   389   837  3855  3584  3161 
 1329   395  3778  3088  2099  4579 
 3841  1476   238  3587  1354  2248 
  381  3322    78  4507  2872  1684 
  446  1592  4105  1462  4928  2145 
   36   367  2076  1478  4050   997 
 4016  3627  2365  1769  3963  1894 
   76   433  1705  4502  1126  3045 
 3734  3750  4931    39   875  2062 
 2359   822  1524  3300  1898  2053 
 4607  1838  2301  3945  1286  1983 
 1058    46  3807   741  2861  1219 
 1949  4274  2337  2190  3233  4717 
  941   515  4025  3066   948  1725 
 2219  2251  2871  1255  1920  1402 
 4617  1960  1336  4608  4278  2588 
  855  3162  3036    91  1390   901 
 2174  1698  2250  2159  4359    20 
 3653  1666  1831  2520  2583   829 
 3967  3441  4465  3670  4735  2120 
 2526  4043   900  3975  1000  3958 
  643   368  3081   405  3769   131 
 2686  1910  4661  3775   607  4920 
 2718   701  4655     7  2434  2769 
 2346  1760  4549  1053  4178  4637 
 4546   461   499  1424  1730  3347 
  386  1633   961  1052  1806  1055 
 2115   774  2846   347  1449  2465 
  358  1913  4921  3175  4681   427 
   85  1107  3195  1480  2681  2100 
 1251  4520  3753   411  4349  1678 
  791  3375    44  3056  3336  2485 
 2972  2783  3119  4399  3337  4952 
 2467  4903   770  4068  1536  1832 
 4942  4266   813  2002  1320  3919 
 1240  2391   823  3518  3318  4191 
 4472  1595  4217  3597    63  2313 
  410  4450  3788  1128  1843   821 
 3220  4667  4094  1580  2026  1958 
 4143  3762  4272   502  1099   417 
 3304  2094   817  4126  1755   848 
 4693  2825  4584  4330  1736  3020 
 3225  3517  3989   331  1810  4362 
 2285  1809   400  3626  4966  2249 
  749   402   827  4125  1153  3068 
 4684  2471  1395  2569  1181  2660 
 4118   565  3465  1542    56  2904 
 3603  1581  2112  3083  2127  3099 
 4079  1556  3128  2899  1850  3763 
 4948  3246  1146  3644  3700  2214 
 4609  1830  4522  4006  3933  2957 
 1359  2448  4269  4475    79  3166 
  950  4946  4366  2798  3961   392 
   75   391  4544  3074  4479   874 
  557  2252   814  1233    19  4706 
 1223    68  3589  2233  3407   633 
 4696  4277  2295  3968  1820  2692 
 1043  3392  2049  4441  1298  1891 
 3197  4973  4172  1629  3453  4085 
 3566  4403  1303  3906  3935   332 
 3435  4936   498  2046  2579  2137 
 2728    21  2480  4572  3483  2116 
 2084  4351  4065  1993   652  2339 
 2414  2419   767  1439  4354  2083 
  546  4258   966  4959  1098  4010 
  809  3524  4456    41  1340  1665 
 2506  1747  4943  2255  3137  1978 
 2662  4709  1888  4536  4641  4083 
 4128  3286  2978  1674  2007  4899 
 3830  4227  2428  2951  4739  2192 
 4512  3302  3252  3118   327  3657 
 1401  2027    71  3654   672   214 
 1123  2697  2567  2070   928  4938 
 3683  1398  4028  2405  4780   984 
 3031  2390  1707   529   946  3620 
 3691  2920  3437  1604  3179  2578 
 2788  1944  1966   947  1378  2429 
 3936  4462   382   844  1373    83 
  504  3271  2895  2653  1886   808 
 2913  1572 
