loading file name ./test_data/48scpnre3.txt
Generating problem instance started 12:22:12
Generating problem instance complete 12:22:13
Generating problem instance took 1.000000 seconds
Solution generated started 12:22:13
Solution generation complete12:22:13
Generating a solution took 0.000000 seconds
Total Cost: 23082 
Required Covers 471 
Minimal Covering Columns: 
 1903   429  1310  3872  3252  3216 
   71  4491  3480  2456  1744  3272 
 3850  1510  4962  4084  2069  2306 
  392  2902  4689  3976  3204  4973 
 1788  2005  1451  1473  4933  1809 
   50  4127  1381  1966   622    58 
 4476  1195  4954  2772   996  3633 
 3203    98  1164   100  4508  1192 
 1191  4547  2072  4234  1865   859 
 1566  3640  3172   415  1184  2178 
 1520  3189  4652  1482   396  3952 
 1737  3449  1918   816  4254  2405 
  768  3246  1941  2694  3495  1666 
 3650  3927  4742  4675   109  4034 
 2713   401  1279  1489  2724  3736 
 1271  1581  1403   363  1991  2626 
 3777    68  2593  2161  3201  4979 
 1550  2467   965  2466  1353  1900 
 1758  3150  1768  4003   902   111 
 1610  1842  2027  3965  4304   643 
 2533  4425  3096  2539  2886  1729 
  703   664  4292  4597   838  3766 
 2741   126  4707  4318  3871  2392 
 4657  4363  4613   968  4529  2450 
 2386  1171  4951  1560  2796  1896 
 1202   913  3917   648    67  3390 
  865  4214  1401   534  4418  1507 
 2473  2399   685  3154  4959  3269 
 1819   362  2134  1200  3188  4966 
 4558  3277  4963  2776  4920  2422 
  512   484  4733  1922  2887  1221 
  749  3199  2135   398  4956  4667 
 1269   438  1291   411  3389   840 
 2731  2110  3428  3576  3681  2824 
 2978  4982  4036  4462    95    49 
  546   376  3863   811  2021   605 
 4651   930  3350   425  3530  4543 
 4988  4233   522   516   829  2885 
 3044  1521   520   825  3632  4669 
  380   894  2841  2308  4147    37 
  531  4075  1145   891  3747  2435 
  918  4551  2555   420   447  3267 
 4197  4730  1388  2689  3239  3522 
 4714   980  4050  1537  1422   428 
 2404  4253  2753   807  1320   119 
 3444   806  3607    82  1559  1432 
 2599  2070  3105  4129   569  3137 
  449  1469  1255  2913  3652  2420 
 1728  3479  2616  2257  2791  2282 
 3635  2078  2476  3396   813  1186 
 3264   919  1156  1832  4134  2792 
 3989  2624  1755  2507  1350  4487 
  511  3180  1022   378  4371  3427 
  519  2197  3627  4587  3840  4021 
 4948  2111   571  2295    89  1457 
 2048    94  1806  3436   659    73 
 3916  2363  4434  2268  3139  4972 
 3861  1640  4960   861  2332  4562 
 4123  3454   985  3775  3669  4414 
 3153  3964  1934  2431   291  2056 
 3087  2207  3069  1573  2483  3475 
 2994   547  1765  3602  4800  1641 
 4974  2774  4931  3551  2371  1124 
 4017  2200  1423  3399   594   927 
 1113  3717  1241   371  3634  2180 
  883  2932  1140  1894  1484  2451 
 1989  2699   117  1928  3606  4325 
 4518  4152  2968  3770  1680  3197 
 3568  4665  4604  1298  2459  4357 
 2596  2695  2878  3459  4296  2518 
 3276  2872  3810  4140    93  3270 
  651  1135  2739  1472  2554   767 
 1387  3354  4716  1661   839   130 
 2628  2101  1783   888   466  3238 
 3355   385  2959  2368   506  4608 
 3084  1230  2966  1667   554   926 
 1511  3541  4110  1363   493  1822 
  513  4525  2928  3247  2288   495 
 1602  3582 
