loading file name ./test_data/49scpnre4.txt
Generating problem instance started 12:22:13
Generating problem instance complete 12:22:14
Generating problem instance took 1.000000 seconds
Solution generated started 12:22:14
Solution generation complete12:22:14
Generating a solution took 0.000000 seconds
Total Cost: 23362 
Required Covers 466 
Minimal Covering Columns: 
 1972  4666  2098  4337  3279  3216 
  101  4982  3517  2766  3027  3295 
 3481  2005   664  3202   897  3209 
  757  3858  3528  3174  2597  4997 
 2237  2039  1876  1987   414  2687 
 4169  4221  2105  2456   652   605 
 4979   869  4956  2785   618  2500 
 3268   114  1195  3388  4085   472 
 4980  3410   361  2216  4733   451 
 3575  1384  2393  2184   724  2155 
  623  2802  4768  4064  3960  3211 
 3470  1941   840  3844  3191  4644 
 4350  1584  2394  3151   889  3669 
 4298  3577  3918   549  3729  3937 
 4605  2192  1921  3101  4650  1798 
 1979  1880   766  1656  2165  3435 
  970  2911  3007     2  3795  1115 
 2956  2263  2474   530  1601  1432 
 2845  3090  3715   439   545  3098 
  425  1632  3976   905  4984  3374 
 4802  2587  2576  4989  2503   401 
 4287  4361  4316   445  3441  4176 
 3570  3805  4328  4181  1573  3466 
 4649  1357  4178  3080  2833  2128 
  483  1593  2497  3253   858   477 
 4604   692  1291  3860  2633  3491 
 1909   902  4750   147  3831  4702 
 4994  4139  2443  1513  2552   842 
 4005  1316     1  3936   431  3662 
  362  1621  1839  4713   964  1550 
 1448   808  4083   400   672   485 
 1994  4829   962   453  2960  1638 
 3619  2921  3505  4058  3146  2036 
 3806   410  4035     3   821   595 
  563   138   735  4314  4765  3049 
  198   130  1871   457  2815  4992 
  494  3648  1235  4250  4806   141 
 2387  1319  4086  2716  2379     5 
 1559   164   823   953  4245  2372 
 4660  4730  1524  1733  4620  2483 
  108  1396   177  2196  4672  1423 
 2516   149  4379  1046  3094  2270 
 3536    94  4309  1929  4465  1928 
 1455   135  2772  3730  3513  1280 
  471   132  3465   819  2218  2794 
  154  3115  1786  2614  2793  1469 
   20  3810   925    88  1802  3344 
 3285  2883  2131  3076  2661  1881 
 2670  2777  1407  2513  4675  1563 
 2585  1540  4296   932  2702  2220 
 3736  1541  4582  2630  2658  1090 
 2531   144  1720  4498  4721  3203 
 4049   929  4710  3868  1298  2827 
 4179  2770  3129   389  2090  1954 
  508   538  1064  1472  1627  1203 
 3640  2293  3104  1119   534   112 
 3894  4022  1451   365  4988   874 
 4513  1354  4445  4566  3463  1377 
 4558  4138  4769  4031  2215  3181 
 3537  3096  3870   353  4729  2054 
 1214  3092  2312  1502  2712  3972 
  581   158  1183  4218  1984  4976 
 2496  1944  1154  3404  1405  2260 
 3909  4535  4612  4991  4770  1242 
 2741  4527  3244  2203  1277  4587 
 1166  2315  4233  1870  2029  2017 
 2365  4011  2826  3628  4331  3695 
 2730  2998   110  2964  3443  4386 
 3022  4216  3035  1475  2855  3686 
 1111  2458  3774  3019  3678  3293 
 1724  2720  1650  2739  1882  2539 
  438  2479  3633  3803  4091   526 
  872   187  1862  2140  1067   904 
  473  3276  2977  4987  1194  2355 
  934  4639  1419  3483  1643  2526 
 2189  1371   557   428  3982  4497 
 4102  3724  2947  2317  1990   521 
 2984  1967  3109 
