loading file name ./test_data/50scpnre5.txt
Generating problem instance started 12:22:14
Generating problem instance complete 12:22:15
Generating problem instance took 1.000000 seconds
Solution generated started 12:22:15
Solution generation complete12:22:15
Generating a solution took 0.000000 seconds
Total Cost: 23885 
Required Covers 470 
Minimal Covering Columns: 
 2033  4703  2173  3927  3721  1701 
 4339  4257  4667  2805  3471  3328 
 3990  2840  2399  3268  1418  3798 
 1764  3459  4446  3302  3519    50 
 2269   888  1167  3404   783  2727 
 3714  4261  1142  2939   348   660 
   55   462   681  4057   130  1742 
 3277   631  2015  2991  3425  3163 
  876    68  3454   826  1875   929 
 3283  2014  3255    31  4227  4285 
  808  1774  4706  2872   225  4506 
 4538  4643  3510  2250   878  3057 
 4527  4701  3992  1251  1634  1784 
  901  3246    58  3168  3475  1210 
 3789  2756  4659  2631  1571  2419 
 1321   645  2346  1919  4310  3010 
 1818  4349   595  2620  2567  1325 
 4636  4676  3811  1071  4125  4822 
 2345  1003  1994  4016  4011  1372 
  589  3269  1342  1253  3732  1259 
   41  4416  4485  4018   209  3711 
 2175  4549  3812  3280  3729   113 
 3826  4187  3601  3042  3636  3895 
 2446  3978   169   771  2092  4208 
 2121  2455  2580   932  1639  1718 
 4464   552   964  3567   235  2049 
 3464  3007  3075  1927  1722  3708 
 4693  2090  3508  1494   526  4300 
  759  3169    40  3408  3262   453 
   49  3378   956  4137   441  1671 
 1378  4756   193   644  4032  1500 
 4638   886  1501   166  1692  4507 
 1349  4820  3460  2040  3665  4718 
 3334  3920  3679  2356  3323  4265 
 4552  4058    56  2162  4357  4727 
 4782   427   189  4307   227   197 
 1374  3463  2489  3917   538  3371 
  829  3113  4832   977  2834  1825 
 4135  1360  2693    60   448  1589 
 4275  1715   216  3252  1256  3807 
 4732  4769  4657  2030  3350    66 
 3780   950   967  3756  2648  1441 
 2955  4288  3614  2217  2753  2278 
 4095   154  4338  2004   142  1930 
 1470  4821  3368  1928  1628   513 
  229  3482   871  2220  2470   244 
 3956  1155  3531  4434  2304  3781 
 3664   190    92  3752  2899  3707 
 1434  2758   736  2682  2824  2711 
 2395   194  3859   894  2622  1867 
  649  2432   577  3862  3390  3773 
 2880  4632  3052  3158  1118  2579 
  524  3617  4765  2514  4842    46 
  167  3147  4608   830  2442  4199 
 3184   961  3381   680  1590   137 
 4578  1048  2371  1243  2842  4006 
 1016  1512  4048  1950  3197  3800 
  398  4670   931   531  3374  3834 
 4591  3382   270  4440  2285  2482 
 2819  2566  3512  1051  2095  2255 
 1730  3861  1234  2032  3157    29 
 4825  1834  3652  4141  3784  1596 
  533  2551  2509   460  3778  2257 
 2293  3061  4619  4660  4783  1753 
 2775   776  2207  3965  4622  1511 
 2343  4301  3226  1052  2076  3569 
 4024  4147   495  2414  2111  2741 
 4292  4162  2703  4757  3866  2573 
 4154  4417  1163  3839  3743  2997 
 2593  3700  2575  2150  2518  3040 
 3736  4028  2636  2384  2408  2338 
 2372  1520  2108   466  1759  3453 
 4436  3384   605   500  4779  1085 
  511   643  2601  1329  1212  2905 
 1790  3270  2347  3937  2007  2522 
 4165  1047  1027  1160  3107  3804 
 1001   562  3696  3401  4426  4169 
 4640  2334   582   170  3433  1983 
 2261 
