loading file name ./test_data/51scpnrf1.txt
Generating problem instance started 12:22:15
Generating problem instance complete 12:22:17
Generating problem instance took 2.000000 seconds
Solution generated started 12:22:17
Solution generation complete12:22:17
Generating a solution took 0.000000 seconds
Total Cost: 21842 
Required Covers 473 
Minimal Covering Columns: 
 3933  4381  1734  4267  4086  4154 
   34   162  3456   303  2512  2513 
 2865   319  1045  1324   548  1229 
 1262  2361    19  4117  2447  1914 
 1970  1744  4991   359   941  1512 
 2589  2760   560  2948  3598  1351 
 1891   211  4256  3214  2085  3317 
 4800  4797  4852  3196  1029   979 
  933  3828  3683  1554  4990   394 
   81  4514   126  1995  2473   568 
 4702  1083  4883  1719  2786  4511 
 1677  2042  2947  4278  4562  1861 
 4568  1256  2113  2064  3911   274 
 4798  3767  4497   109  1024  1219 
 4316  3949  3915  3477   855   677 
 4194  4183  1118  4549  2379  1434 
 2967  3205  3959  2640  1452  2227 
 4353  4090   777  4542   530  2583 
 2233  2044  3682  4084  2579  2491 
 1961  1014  3320  3831  4359  4189 
 1752   727  2250  3876   412  3313 
 4494  2008  4872  2224   420  2928 
 2449  2634   747  2034  1390  3179 
 2935   905   617  3160  4337  1059 
  726   851  1983  2256  4231  4803 
  541  1723  4014  4366  2242   377 
 3896   323  2722  1171  2114  1822 
 2133  2466   949   498   745  2105 
 3787    43  3170  3859    83  2768 
 1475  3596  4578  2807  1747  4055 
  119   465  1314   134  4107  3948 
 3769  2854  3573  1032  3580  4182 
  432  1731  2287   248  4574  1311 
 1966  1199  2940   904  2380  2383 
 4525   831  3260  1386  4843  2046 
 2761   895   884  4306  2498   118 
 1928  1812  1079  2211  2785  3699 
  140  2741  4215  1852   880  3879 
  550   957  4996  4875  1761  2299 
 2828  3187  2273  2033  4572  3013 
 1382   512  1565  3632  3341  4618 
  314   293  1457  2048  1555  1086 
 1836   942  1060  2872  4929   643 
 4659  3749  4505   781  2120  3506 
  885  3221  3215  1873  1787   264 
 2556   758   392  4250  3727  1283 
 1276  1132  3822  2605  2818  4913 
 2845    25  1725  3333  3473  2161 
  482  1885  2218  1443   235   994 
 4651  3157  3586   267  3521   117 
 4682  2970  3952  1993  4112  4449 
 2235   947  4266  4641  1441  1506 
  962  1774   125  1942  3579  4214 
  203  1718  3448   591  1781  2571 
 2206  1247    14  3685  1879  1669 
  275  3549  3635   208  1663  3725 
 2031  3035  3652  1404  1206   700 
 1968  4661  4654  3396   793  1765 
 3261  2357   205  1590  2675    90 
 1384  3621    95  1375    67  1307 
  878   697  1849  4209  2423  3228 
  212  1605  4270  4271  2796  3935 
 3886  1113  1115  1346  1889   124 
 2229  3840   557  1368  1613  4168 
 2557   100   975  4603  1594  3286 
 2847  4731  2142  3105   660  2708 
 2393  4689   844    33  1795   122 
  107  2127  4363  3108  2194  2413 
  556   908  2389  3494   265  1556 
 4199  1865  2913  2053  3244   588 
 1155  1810  3153  2714  2982   166 
 1982  1824  2148  1793  3441  3826 
 4564   948   809   318  3239  2003 
 3971  4361  2846  2026  3204  3024 
 1641   286  2534  4888  1690  2258 
 3011   621   199  4723  2337   466 
 4137   343  1439  4023  2468  1180 
  395   841  2979  1563  3919   829 
  160   156  4839  4474 
