loading file name ./test_data/52scpnrf2.txt
Generating problem instance started 12:22:17
Generating problem instance complete 12:22:19
Generating problem instance took 2.000000 seconds
Solution generated started 12:22:19
Solution generation complete12:22:19
Generating a solution took 0.000000 seconds
Total Cost: 23129 
Required Covers 473 
Minimal Covering Columns: 
 3614  4946  2044  3758  4218  4075 
 4234  4468  2939   800  2779  2273 
 3123  1280  1189   688  1068  2149 
 1063  3381   264  3814  2952  2505 
 2338  1279  4817   277  1915  1910 
 2113  4189  1624   347  3409  2771 
 1408  1619   592  4449  2944  2625 
 3618  4211    15  4381  1991  1383 
  641   973  4706  4077  1941  4897 
 3906  1532    52   356  2223  2754 
 4919  4753  1496  4838  1028  3030 
 4453  2291  2677  3649   122   154 
 1927  3991  1410  2023  3173  4503 
  818  3942  4204    47  1182   589 
 3922  3394  4691  4279   502  1703 
 3655  4096   932  4293  2889  1358 
 3750  3416  4325  3112  3901  2027 
 2045  4803  3663  1467  4560   856 
 2404  1202  3081  3278  4033  3328 
 2656  1004  1479  2951   272  4088 
 4244  1904  1954  1921  3831   875 
 2632  3860  1707  4880  2689  1433 
 3690  1365  2986   862  1977  1451 
 3333  2706  1683  1077  3796  3570 
  363  1874   596  1704  2276  3951 
 4742   573  1557    31  3696  2830 
 4956  3945   674  3367  4928  3242 
 2181  1730  2397  2039  2298  1113 
 4969  1468  3421  4849  3251  3998 
  211  2611  2457  3627  3823  3272 
 1830  4733  1425  3883  4700  1517 
 1434   606   870  3218    19  3413 
 3566  1370  2972  4404  1984  3223 
 4876   588  1183  2067   433  2857 
  622  2576  2043    38  3388  1534 
 4485  2190  4975  3599  2600   200 
 1727  1846  1019  2037  2909  3881 
 4942  2763  4043  2339   924   193 
 2969  1335  1341   286    20  2118 
 4015  2851  3153  1281  2775  2946 
  989  3059  3329  2445   256  1398 
 2280  4019  3346  4501  4715   653 
 1298  2103  2003  2173   830   552 
 1432  2659  4395  1525  4431  3604 
 4771   125  1445  3177  2359  3033 
 3635  2135  1482  2328   473   817 
 3992  3181   528   569  1371  2965 
 3658  2496  4830  3393   334  1583 
 3897  2844   767  1469   536  1586 
 4639  1362  4685  3200  3812   385 
 4267   752  3753  3145   439  2008 
 4696  4570  2590  1060  4308  4193 
 1483  2530  1285  1128  4673  1277 
  646  3162  2252  4852  4042   198 
 4507  4917  1030  3150   705  2674 
 2494   319  1527   549  3610  2028 
 2334    54  2690  3767  2137  4600 
 2449  2842  3524   201  1972   728 
  159  4127  3853  1106  4973  2791 
 2908  3169   810  2054   651  2010 
 1332   836  3485  4759    16   225 
 1670   827  1860  4036  3155  1579 
  142  1535  4057  4116  3292  1724 
  583  1381   457  3513  1632  3572 
 4875  1788  1964  3936  3170   111 
 1694  3917  2460  3505  3839    41 
 1622  2806   571  2374  2980  1429 
  260  1310  4895   864  1659  3086 
 3832  2111  2526  4344  1561  2329 
 3779    37  1094  3946  1481  2661 
 1779  2863   623  1095  1588  1957 
 3233  2110  1037  1687  2759  2412 
 1610  3805  2920   610  1171   654 
  673  2509  2409  3549  3873  1169 
 3560  2592  1386   972  4324  1505 
 2744  3109  1193  1304    58  4475 
 3126   764  3975   365  1022   426 
  815  4971  3113  2326  4064   901 
 4477   548   199  4027 
