loading file name ./test_data/53scpnrf3.txt
Generating problem instance started 12:22:19
Generating problem instance complete 12:22:20
Generating problem instance took 1.000000 seconds
Solution generated started 12:22:20
Solution generation complete12:22:20
Generating a solution took 0.000000 seconds
Total Cost: 22261 
Required Covers 465 
Minimal Covering Columns: 
 3198   330  2047  3756  4737  4397 
 4160  4284  3420   809  2946  2263 
 3612  1052  1358   691   978  2480 
 1117   378  4314  2733  2750  2705 
 1580  4373   298  2196  1451  1696 
 4548  1560    83  3432  2973   986 
 1648   511  4374  2472  2538  3807 
 4015   206  4142  2113  1427   551 
 1082  4539  4054  2225  4793  3817 
 1188  4347   358  1817  3141  4800 
 1497  4764   950  2603  4236  2188 
 2594  3745   135   374  1929  4026 
 1416  2273  2362  3371  4642   313 
 3945  4545    61   895  1007  3659 
 3543  4808  4280   510  1420  3670 
 4468   726  4307  2680  1380  3669 
 3656  4230  3521  1944  2088  4495 
 3880  1388  4657   740  2441  3183 
 3367  4049  3349  2791   946  1576 
 2779   287  4088  4248  1629  2296 
 2005  3558  1090  2045  3855  1937 
    2  2800  1439  3721  1392  3215 
  612  1855  1342  3369  2867  2336 
  965  2870  4192  3941   301  1623 
  702  1418  2109  3963  4852   475 
 1789   149  3489  2926  3979   854 
 3065  4522  2998  2102  1754  1914 
 2244  1946   745  4893  1463  3731 
 4665  3265  4135   603  2515  2690 
 3866  3611  3403  2320  4551  1322 
 3704  4881  1523  1372   389   964 
 2925   271  2902  1297  2991  4501 
  703  3168  4956   473  1125  2641 
  685  2765   443  3088  1812   521 
  583  3668  1338  4603  2833  2122 
   66  3700  2642   196  1551  1761 
 1347  2237  3280  4086   168  2788 
 4303  2241  1178   221  3296  1033 
 1180   171   127  2065  4140  3273 
 3424  1391  3286  1292  2875  3132 
 2891   340  1395  2290  3891  3360 
 4596  4936   864  1009  1902  2478 
 2008  1127  1783  1024  2597  4601 
 4408  3697   339  1976  3353  1930 
 2579  1423  2131  4966   744  4093 
 3185   444   342  1075  3796  2763 
   33  3305   640  1683  3989  2696 
 1394  1365  1461   656  4651  1197 
 4957  3387  3947  4275   451  3758 
 2831   292  2224  4914   150  2681 
 1071  4401  1411  2134   803  1563 
 4877  1210  1122  3170  2028    57 
 4371   115  4890  4941   899  3052 
  620  2632  2056    41   284  3713 
 2253  1863  4144  3392  3892  4559 
 2482  3997  2746  2979  3759  2354 
  304   434   578  4357  3679   730 
   74  2648  3190  3524   502  2280 
  668  1942  1468   860   933  3789 
  121  2098   468   270  1689   539 
 1954  4173  3317  1699   166  1340 
 4463  4036  2445  4506  3069  1290 
  777  1116  1718   396  3528  3799 
 4212  1711  3550  2994   293  1688 
 4146  2492  3525  3917   337  1184 
 2841   982  2116  2706  3830  1570 
   75  1305  4882  1275  1685  3178 
 1795  2835  4295  1573  2653  4024 
  381  1201  3718  2938  1974  2861 
  402  1114  1705  1917  2430  1430 
 1614  2988  1716  3836  3135  3213 
  157  1269   577   840  2843  2513 
 3453  3882  1299  3773  1314   765 
 3231  4732  3033  3027   883  1140 
   71  4584  3042   916  4187   364 
 1029  3376  3083   341   829  4982 
 2234  4129  4267   972  4391   440 
  634  3287 
