loading file name ./test_data/54scpnrf4.txt
Generating problem instance started 12:22:20
Generating problem instance complete 12:22:22
Generating problem instance took 2.000000 seconds
Solution generated started 12:22:22
Solution generation complete12:22:22
Generating a solution took 0.000000 seconds
Total Cost: 23585 
Required Covers 476 
Minimal Covering Columns: 
 3553   574  2277  3896     3  4781 
 4201  4060  3619   743  2522  2319 
 3741   975  1481   749   920  2521 
 1139  3225   444  3883  2668  2137 
 2832  1501  4413  4914  1988  1857 
 2279  4128  1492   117  3208  3095 
 1002  1941   537  4061  2314  2158 
 3754  4176   618  4327  2624  1124 
  596  1293  4258  4225  2260  4567 
 3874   965  4283     1  1741  3389 
 4544  4723  1818  4806   984  2427 
 4194  2244  2640  4001   159   636 
 1755  3943  1670  2505  3294  4857 
 4745  3746  4697  4660   725   551 
 3669  3575    98  4314   645  1440 
 3537  4254  4518  2703  1555  4019 
 3773  4704  3263  4270  1439  2534 
 4443  3906   736  4894   700  2735 
 1607  3730  3151  4251  3290  2824 
 1237  1435  2885   654  3566  1957 
 1808  2246  4029  1410  1792  3758 
 2067  4955  1590  3454  1892  3017 
  545  1926  1284  3201  3159  2472 
  795  2790  3917  4480   100  1954 
  746  1758  2317  4332  4969   677 
 1485   387  3542  2858   160  4129 
  801  3677  4262  1816  1791  1872 
 1866   419  4676  1405  4189  4310 
 3535  4324  1100  2461  2519  4219 
 3668  3878  1916  4675   950  3748 
   75  1669  1710   318   806  2557 
  441  2819  3383   921  2924  4744 
  731  2251  3379  4665   395  1394 
 2142   890  2687   778  3051  1844 
  759   613  3356  1262  4549  2878 
 2154  4919   886  3645  2449   768 
 1228  1786  1367  1983  3232  3838 
  432  2710  4227  2763   874   870 
 3233   762  1087  4968  4980  3956 
 2999  3326  1551  2451  3807  1227 
 2503  3166  2627   283  1039  1843 
 4272  3651  4525  4970   770   946 
 1415  2527  2288  1059  1701  1041 
 1142  3069  4550  1686  4358  3830 
  103  1385  3126  2008  3006  3764 
 2088  1731   147  2062  4982   289 
 3947  3241   664   627  1203  2811 
 3161  2197   331  3640  1116  1895 
 4093  2801  1209  1503  1756   882 
 1205  4354  1609     6  3432  4624 
  483  3772  3121  4790  2157   575 
  189  2916  1094  4446  4431  1329 
 2268   839  1614  1165  1067  3438 
 2375   312  4683    81   485    72 
  922  3338   556  2645  2318   182 
 1354   301  3554  2189  2281  3934 
 3767  3837  4152  2170  3506  2686 
 2480  3612  2032   428  2508   383 
  609  4825  3423  3081  3298  3545 
  418  1992  1093  2153  1767   897 
 4113  4710  1920   403   548  1619 
  357  2089  3863  1623  2794  4823 
 1595  4173  4338  2286  4452  3018 
 1585   723   944  1045   223  3477 
 1106  3414  1831  1826  3593  3113 
  190  1959  4281  2533  3736  4470 
  606  1475  2520   814  2936  4075 
 1368    18  1497  4580  1321  2029 
 3041  3978  2778  4421  1986  2812 
 4481   649  1146  1179  3625  2552 
 2625   546  1053  1950  1777  2361 
 2955  1550  1552  2922  2616  1655 
 3877  3599  3026   102  1914   512 
 1097  2453  2793  3282  3721  2230 
 1245  3271  2542  1622   909  3332 
 4959  2101  3049  2780   908  1263 
 4724  4601  3084   969  3921   119 
 1210  3497  3457  1253  4759  2536 
 4271  4329  1006  4349   275   236 
 3318 
