loading file name ./test_data/55scpnrf5.txt
Generating problem instance started 12:22:22
Generating problem instance complete 12:22:24
Generating problem instance took 2.000000 seconds
Solution generated started 12:22:24
Solution generation complete12:22:24
Generating a solution took 0.000000 seconds
Total Cost: 23642 
Required Covers 475 
Minimal Covering Columns: 
 3576   603  2381  3724    20  4915 
 4246  3980  3788   871  2450  2632 
 3949   570  1820   406   584  2338 
 1161  3290   714  4163  2711  2173 
 2329  1662  4226   382  2288  2066 
 2199  4155  1607  4593  3331  3260 
 1293  2306    79  3769  2162  1893 
 3264  3880   528  4270  3011  1040 
 1053  1642  4425  3951  2285  4467 
 4340  1398  4655  4939  1559  3120 
 4091  4776  1941  4402   509  2352 
 3784  2365  2732  3627   298   577 
 1888  4170  1365  2643  3051  3049 
 4868     4  3626  4512  4312   429 
  367  3940  3686   118  4157   665 
 1677  3464  4629  1110  2948  1758 
 3749  3639  4854  3286  4392  1661 
 2050  4263  4140   675   223  1229 
 2882  1708  3592  3604  4093  3198 
 3314  1280  1346  2831   695  3907 
 4338  2190  1825  2431  4146  1453 
 1605  3934  2237  4872  2595  1508 
 3695  2189  3431   657  1985  1459 
 3136  3187  2385   816  2325  3451 
 4699  1706   758  1499  1862  4122 
  123   543  1746   410  3582  3003 
   99  4147   716  3591  4097  3839 
 1835  1824  2214  2453  1595  4984 
   34  1423  4027  4444  3558  3664 
 1250  2279  2345  4251  3553  2136 
 4606  1078  3458   628  2026   561 
  725  2482   321  2660  3547  1048 
 2604  4879  1294  2046  2942  4690 
  427  1245  1775   759  3082   809 
 2825  1519   278   656  3862  1495 
 4260  2805  2167  4856  1102  3857 
 2783   800  1243  1984  1716  2319 
 3515  3636   272  2396  4330  2985 
  881  1128  3359  1154  4423   450 
 2523  4257  3122  3045  1826  2646 
 3739  1247  2351  3220  2551   402 
  974  1961  4434  3594  4470  4896 
  684  1278  1192  2995  2309  1452 
 2039  1165  1612  2897  4381  1705 
 4594  3578   125   183  1319  2871 
 2055  2853  3911  1571  1954   273 
 1998  4672   432  3672  3263   589 
  946  1041  2918  3016  2561   493 
 3174  1146  1557  3103  1538   901 
 1544  4390  1654   459  3181  3779 
 1695  4523   903  3883  2907    50 
 1976   727   519  1184  4486  4533 
 1266  2299   554  1681    16  1089 
 1091  3924  2529   413   276   412 
  348  1069  3394   575  3005  2318 
 2142  4928  1853   313  3581  2207 
 2194  3727  3463  4032  3728  1981 
 3437  2429  2403  1874   615  2408 
  844   984  4316  3047   606   375 
 2758  3094  3896   776  1809  1383 
 1539  1878  1683   927   685  3860 
    1  1838   852  1745   666  1839 
 4564  3605  1755  2925    27  1626 
 4525  4006  2688  4835   961   639 
  923   343  3405   908  3656  4311 
 1764  2200  3245   247  2177  2468 
 3495  4513   302  1623  2900  1073 
 2337  3031  3869  1093  4933   925 
 4432  1224  1978  2865  3676  1964 
 2626  4598  1912  3081  4832  3528 
 1428  2968  2629   574   982  1788 
 2391  2621  3062  1394  1573  3222 
 2389  1066  3916  3441  1852   549 
 1262  2476  3134  3758  2100  1694 
 3100  3102   715  3360  4882  2217 
 3165  2603   846  1112  4919  4749 
 1577  4092  4773  1119  3622  3570 
  592   900  4669  2472  2032  4649 
 4372   858  4449   221   737  3889 

