loading file name ./test_data/56scpnrg1.txt
Generating problem instance started 12:22:24
Generating problem instance complete 12:22:25
Generating problem instance took 1.000000 seconds
Solution generated started 12:22:25
Solution generation complete12:22:25
Generating a solution took 0.000000 seconds
Total Cost: 49397 
Required Covers 937 
Minimal Covering Columns: 
 4304  8181   836  7649  5111   351 
 3597  4659  3384  2220   118  5329 
  651  9380  9613  1241  8679  9793 
   55  2441  9251   446  3366  1519 
 2589  8857  5777   781  6439  2824 
 9386  2693  9868  1309  9426  4906 
 1817  6390  5094  3464  6071   813 
 9379  8047  6403  1914  9883  9557 
  397   565  4513  2148   680  3680 
 5306  9409   239  5848   886  5567 
 2807  8051   516  5463  5044  5130 
 1425  2339  1250  7329  9437  1017 
 9940  9428  4129  7312   610  2600 
 5139  4803  9469  4296  4105  2538 
 9453  9578  4040  6315  5332  4621 
 7177  9618  6638  3970  1575  9954 
 6677  6032  6818   792  9905  1406 
 4701  4132  6053  1508   434  4128 
 9622  5129   543  4547  4633  1431 
 3459  9623  6239   218  4795  6890 
 6806   708   985  3016  5844   753 
 7330  9943  9420  1113  1571  9950 
 9700  9697  3004  8395  6317  9535 
 8417  6495  7426  5400  3276  9544 
 1300  8128  6014  5183  7765  6991 
 5188  6275  3032  4760  9211  9452 
 4787  3645  8243  5101  9710  8887 
 9390  7616  9217  1832  4691  6783 
 9724  7438  4694  7626  9243  6855 
 9281  9497  3201  8129  3905  4812 
 5047  4505  5356  4499  4188   102 
 4918  5539  2021  5923  6838   319 
  578  2561   142   731  3829   327 
 1045  4878  8332   700  5106  9412 
 3880  4445  5349  9983  7280  5389 
 9545  4163  5727  9620  4435  9395 
 4222  6476  6929  1292  5109  1823 
 2531  9569  2897  9818  2270  9460 
 6691  9575  2644  4489  2389  3194 
 2674  9908  4864  1608  3577  9318 
 4966  5765  7615  7032  5409  5847 
 6697  1587  2719  4057  4089  8233 
 8272  4967  5293  4994  3868   249 
 1761  1442  9084  6629   687  8084 
 5078  2402  1224  2154   971  1888 
 4490  8023  7149  5881  5307  4303 
  903  9792  2804  5820  4681  7298 
 8245  1354  4528  6846  4592  3000 
  964  7235  9424  9261  3806  3551 
 7320  9298  5197   482  5671  7383 
 4893  7820  6471  8696   624  6960 
 6122  9799  6381  7970  4455  4307 
 2731  9268  9713  5369  4182  5619 
 5304  4596   894  4319  4313  9963 
 5439  4531  4880  4755  6514  8984 
 2146  4916  5136  2526  3531  6829 
 4842  4850  4021  9895   414   890 
 5739  4349  7188   258  7117  6412 
 2011  3935  9247   326  4979  7760 
 2903  6340  4274  5927  9773  6151 
 9732  2340  6220   938  9848  1485 
 9387  4824  1541  9308  6149  5627 
  755  4491  1132  7432  6142  9388 
 8068  4837  6264  6874  4977   806 
 8119  4643  9599  2912  1963  9446 
 9513  1754   638  4896   567  5196 
 1387  1126  4554   145   808  4986 
 5645  9651   910  1619  8396  4901 
 9617  9503  4611  2506  9484  6827 
 5000  5312   541  3208  3099  4391 
 3264  6706  4874  1003   880  1261 
 6794   616  1414  9636  5103   583 
 7101  1444  9529  9113  7512  8729 
 7906   244   852  8509  3483  8852 
  714  2947  1337  9521  7421  3076 
 1614  4369  4777  5728  9716  4502 
 6450  9671  4346   505  9667  8715 
 9693  5173   448   502  7773  1183 
 9585  5710  9626  9829  4166  1626 
 5366  2772  7716   778  2881  4270 
 5661  4315   581  6526  4508   979 
 2318  3950  3665  5581  9985  7380 
 5363  4902  8249  4111  9252  9922 
 9499   730  5824  1060  5504  2821 
 4407  4404  4559  9357  4477    44 
  114  4625  6504  1206  1383  7285 
 7163  5116  7252  9290  4520  2678 
  821   123  2278   721  4693  6904 
 4714  3291  7892  8018  3575  1526 
 9913  9854  9833  3563   609  5223 
 6739  7579  4240  5537  5091  3958 
 1488  1793  8673  2784   206  9356 
 1046  9885  6594  9259  5378  4871 
 9936  9931  9695  5868  5114  5580 
 6350  6696  7294  5340  6775  3340 
 3714  3562    84  5181  9897  3716 
 6555   637   936  4925  6417  7290 
 2585  9890  4025  9624  9918  1106 
 4595   110  3591  4054   207  8095 
 2058  3454  8230  3309  7830   174 
 6184  1830   519  4357  9562  4243 
 6559  4551   630  7510  4512  5725 
 5622  5624  1568  1428  1976   818 
 9169   742   210  9267  7868  4663 
 7783  9649   966  9144  5240  2166 
 5017  5413  9398  7152  5338  6886 
 4539  6382  7128  9601  2458  9910 
 8312  4189  4996  2218  6545  2165 
 1826  5821  4434  5059  4819  3587 
 2337  5157  6550  6050  4523  9753 
  876  9210  9642  9740  1047    73 
 3570  5905  3292  4326  5703  5708 
 9203  5711  8237  8133  4098  3614 
 9796  6796  2491  9877  5990   598 
 9616  9819   131  7025  4879  7886 
 4955  3713  7169  8769  9504  9253 
 6374  1441  9843  3791  4172  9332 
 7968  7612  7300   989   621  3662 
 9474  2322  4214   711  3708  6788 
 5616  7268  4495  6153  7829  5510 
 6943  5978  1947  5959   192  8955 
 4981  8110  8197  3744  3101  7812 
 6591  4233  6238  9551  1648  4006 
 9703  3841   556  3878  4173  5189 
 9837  4486  3093   442  7651  4231 
 1805  4417  7688  9054  9704  5525 
 2039  4479  2081  4390  4185  9463 
  906   247  1972  9397  5344  7748 
 8348   528  4360  7710  9923  9647 
 6467   701  5222  1989  9567  9747 
 1212  1479   693  9776  9159  2616 
 4873  3674  6480  9600  5901  4200 
 2347  2969  4823  1254  9148  8185 
 6119  5321  9809  9031  3704  1954 
 6762  4745  2182  4496  4965  4142 
 2496   604  7132  4327  6396  9631 
 4568  6218   735  5128  3682  5538 
 4730  9413  8006  4898  8136  4000 
  785  6035  3735   148  9478  4806 
 4226  3485  6814  6453   627  7803 
 5161  6288  2234  3317  4345  5427 
 1451  9726   140  2351  8113  4631 
 6363  3671  2560  4656  9938  8439 
 6745  4448  5095  4810  9771  7588 
 9393  7195  8860  2463  6127  4699 
  896  5709  9470  5125  9024  1374 
 4247  5297  5941  4952  5048  9588 
 5996   346  8111   933   779  9546 
 9394  9597  7781  9142  3574  1107 
  130  6375  4995  6557  5432  9875 
 4221  9632  9458  3666  9951  7499 
 4051  9248  6111  9844  5516  9399 
 3527   552  2676  5028  6168  2549 
 8633   358  6575  4922  9314  2354 
  225  8100  4830  5264  4937  7718 
 9827   728  2649  2217  5043  9303 

