loading file name ./test_data/57scpnrg2.txt
Generating problem instance started 12:22:25
Generating problem instance complete 12:22:26
Generating problem instance took 1.000000 seconds
Solution generated started 12:22:26
Solution generation complete12:22:26
Generating a solution took 0.000000 seconds
Total Cost: 47482 
Required Covers 941 
Minimal Covering Columns: 
 4411  8350  5483  7925  4891  5499 
 4037  9688  9310  2412   339    54 
  876  9487  9902  1346  8906  4933 
 9969  2750  4539   721  1688  6325 
 8285  4087  6023  5175  6633  3119 
 3814  8345    69  4727  9718   362 
 7465   787  5293  3540  2101   997 
 4437  9423  6625  2087   173  9806 
 5785  6237  4664  2336   844  3719 
 5697  9570  5160  1347   993  5752 
 9331  8316  9594  5667  5085  9381 
 1727  2516  1320  7406  9701   595 
   47  9485  4424  3452   837  3068 
 5355  4732  4557  9846  2595  5225 
 9849  4195  6573   724  4820  7219 
 9749  6736   115  1669   199  2152 
 6067  1844  1253    92  6053  4906 
 4215    99  3911   524  4285  9734 
 9618  5062  9744  7750  1643  3824 
 9708  6297   371  5030  5274  6951 
 1038  5367  7500   559  6073  7390 
 5547  9564  1395  6579   801  4325 
 5067  3235  8587   913   238  2705 
 6774  3233  9937  3475  9675  6868 
 3831  1695  5335  2547  1365  5227 
 6407  3231  4656  4743  4889  3858 
 3930   343  9766  3806  4772  7714 
 9463  2109   584  6841  5854  3556 
 4837  2037  4021  2472  4313  9624 
 8355  8384  3996  4986  8936  4804 
 9571  4753  4395  5333   871  3098 
 2440  9824  6056  7533   483  6170 
 4173  5173  1017  7783   552  6168 
 4927   798  1195  5145  9845  4417 
 4594  1001  4758  7563  9630  9583 
 4334  4874  1693  9887  9030  9492 
  127  6122  7197  1508  5277  3821 
 5208  5028  4645  9553    32  8027 
 9516  7981  9807  8074  4850  2647 
 8749  2816     7  5226  1788  3765 
 9680  1247  9236  1351  7865  3665 
 2984   409  6029  1044  1794  4219 
 7893  8467  3480  5125  5297  5065 
 4090  4388  6506  5790  4189  6893 
 1040  2462  5212  6606  1372  9005 
 6528  2110  4637  2168  2433  3408 
 5439  4542  1080   157  9588  1469 
 4914  7363  8259  4604  1432  4794 
 3395  7570  7391  4119  9461  4065 
 3569  7431  5446    88  3536  5841 
 7415  1703  3602  6525  3455  8823 
 6953  7059  1879  5025  6655  3629 
 4564  4600  6510  9578  4844  5444 
  258  6454  5500  9711  7512  5354 
 9623  4471  4947  5592  4700  6078 
 2917  9335  2235  5214  2898  9497 
 2798  9610  6927  4965  5627  7618 
 5031   549  1077  5951  4596  7313 
 7480  6547  2112  4060   526  2506 
 6418  6575  9632  5187  6112  4369 
 1266  4977  2436  6469  1146  4949 
  149  4796  4901  6033  5871  6376 
 1087  4950  9956  1531  7524  6422 
 3886  8268   637  1321  8460   842 
 5678  4723  3132  7608  4536  9560 
 9880   953  4872   764  9863  5378 
 1428  4749   322  1192   713  5924 
 4525  1210  1711  5123  8586  2371 
 6255  9698  4714  2710  4612  5960 
 4839  5014  2153  1677  3303  3420 
 9809  3418  5181  9802  9613  4054 
 1279  2654   720  1626  9873  5874 
  778  7190  6108  9674  9471  7813 
 4917  2555   405  8975  2092  8884 
 4996  2205  7453  9966  2469  7369 
 5545  9541  4919   329    27  9280 
 9752  9713  8036  6666  9685  9601 
  645    43  4066  8962  9856  5322 
  752  5152  7987  6250  4790   726 
 6626  9697  6313  4263  2912  7912 
 5738  6318  9742  5835  4396  5618 
 1384  9789  9562   118  6647  4897 
 7507  5560  5034  8425  9460  7146 
 9689  9358  5862  6749  5689  7028 
 5086  9668  4773  9459  9941   284 
  475  6002  7208   207  1619  7581 
 7253  5239  7395  4905  4672  3002 
 6738   344  4603   896  8982  7045 
 4955  3368  3789  3777  3678  1673 
 4958   112  4726  6957  5282  5517 
 4786  1464  5671  2378  9467  1504 
 5343  4123  1019  1928  8771  2981 
 5578  9506  6316  9944  6729  9452 
 9719   413   168  5231  9776  5430 
 9735   965  6442  6802  9868  1524 
 7597  2566  8349  9474  7892  9947 
 2708  6744  6055  6950  5228  9871 
 2819  4780  5737  6837  9951  4015 
 4655   140  6138  4762  6492   235 
 7522  4449   412  3781  6592  9374 
 8297  6329  9208  8249   446  1135 
 7733  2607  9531  9923  4357   132 
 6381  1558  9667   677   548  3097 
 1847  7432  1599  2100  6622  4576 
 6320  4514  7994  4849  3724  6004 
 4551  1240  3043  5919  8303  5925 
 5113   656  4408  7214  6856  3557 
 4873  2776  4106  5650  2584  5717 
 8366  9480  1148  6191  7075  2461 
 7195  6039  4541  5290  8191  9355 
 9454  7096  5460  7000  6455   396 
 9699  9916  1184  9669  9815  5719 
  144  1215  3348  4926  4497   138 
 5783  9458  5786  8554  4259  3759 
 3517  6862  6430  3060  6136  5613 
 1590  6198  4913     1   241  7162 
 6843   662  8012   125  2869  7336 
 8948  4333  2804  1571  9559  9568 
 3852  3289  7347  4816  5301  3843 
 9729  5162  7858  4697   895  3969 
 6960  4079  2937  8849    15  8109 
 1755  6143  2058  8358  5684  5635 
 5110  8351  8376  3953  3417  6991 
 6716  9635  5406   749  1706  9847 
 4266  5167  9306  4188   746  4049 
 5295   201  4538  7864   557  7812 
 9673  1943  4544  7939  5000  9805 
 5978  6348  4649  2253  1116  4599 
 6703  7173  4607  5442  7868  8484 
 5598  4509  7948   198  9696  6787 
 4739  5698   404  8310  5172  1325 
 1671  9091   629  1622  2780  5151 
 3805  1141  5192  9797  6097   119 
 2510  2309  1052   774   943  8362 
  907  9943  3680  6247  7589  6813 
 4500  2327  9360  5108  4432   659 
 7235  9684  4957  3330  8927  1747 
  891  5492  3818    26  4976  9493 
 8129  5043  8381  7021  6077  7397 
 4825  8045  4750  9577  6290  3571 
 9248  3737   471  7004  2604  8261 
 2251   957  6453  2331  2482  4540 
 6093  1657   325  2431  8309  5140 
 3275  9681  7255   171  3527  1682 
 9606  2728   566    42  1310  3067 
 7420  9162  2826  6330   655  6532 
 6516  5816  9644   836  3608  1591 
 4308  1877  3997  5041  4163  1059 
  529  8245  1097  1095  4555  9862 
 1037  9339  5332   391  6611  5711 
 7840  5559  4299   190  1168   719 
 1367  2954  1139  5468  5679  3664 
 1533  3219  9801   956   561  2675 
 8743   146   585  6731  5021  9489 
 1342  9530  1584   538  9319  5049 
 5360  5163  8006    78   866  7225 
 7245  2896  9535  4519 
