loading file name ./test_data/58scpnrg3.txt
Generating problem instance started 12:22:26
Generating problem instance complete 12:22:26
Generating problem instance took 0.000000 seconds
Solution generated started 12:22:26
Solution generation complete12:22:26
Generating a solution took 0.000000 seconds
Total Cost: 47501 
Required Covers 948 
Minimal Covering Columns: 
 8121  6205  2978  5262  3680  8160 
 9526  1555  2990  1363  7604  9405 
 9631  4820  2454  5534  8858  1220 
 8376  9813  2831   589  2412  2395 
 2462  6262  5990  9932  9835  6908 
 6416  2689  6999  5242  4529   820 
 6006  4756  9874  2552  9634  5579 
  120  4066  4379  2513  5913  6903 
 5305  4331  5345  1125  9918   295 
 6910  4279  4183  1803  9779  2500 
 1693  7633  9811  5615    26  2793 
 4747  2434  9898  1214  8827  9355 
 3652    37  1917  8986  8896  1304 
 9639  2771  2706  6610  3993  4359 
 9912  2281  4443  5758  2865   906 
 5654  5302  5144  1230  4588  6633 
 6883   540  6743   997  5112  6361 
 2345  8386  1712  5692  1948  6799 
  400  4479  5193  2789  5716  3923 
 3390  1935  7903  9841  9854   305 
 5316  6036  9780  7942   586  5223 
 5417  6146  4872  6821  4838  3012 
 3454  4488  2083  5300  7685  9630 
 6424  9697    12  9459  4670  5200 
 2078  9642  2409  3623  1012  4806 
 7837   272  3045  4528  4555  5171 
 4481  9929  5598  2272  5313  4863 
 3702   327  6584   318  7470  5105 
 5117  1422  7221  9197   447  2327 
 1595  3715  3817  6096   593  4844 
 6085  9947    20   829  2296  3026 
  732  4219  8039  3910  6573  7375 
 5248  4932  6227  8584  6782  4817 
 9548  8228   891  5180    28  2829 
 5042  5672  5011  4831  3242  7209 
 8415  9444  7733  5756   110  9487 
 4350    88     6  4212  9282  1598 
  990  4759  8062  4392    61  2239 
 2428  4923    55  6316  6937  2517 
  971  5779  9715  6452  5704  7051 
 4438  5268  5953  1226   271  2371 
 8399    60  4141  8603  1656  4959 
 5928  2373  6357  4629  8154   568 
 6030  1768  8479  7377  9290  8508 
 1494  5016  6562   816  1046  9508 
 6834  2564  1604  4406   968    71 
 4124  5168  8186  9594   134   115 
 5797  1108  6984  9628  9586  2410 
 7929  6816   584  6013  4565  5207 
 5214  7074  5004   348  4271  4738 
  138  3634  4164  7634  2890  1078 
  247  5792  9798  4901  9956  2738 
 3144  4897  7192   484  5235    42 
 4928  7043  1723  2765  3402  8877 
 4652  6299   625  9502  7260  3706 
 8009  6223  4727  1237  6718  9676 
 7110  9446  9747  4700  9931  8355 
 5443  9477   312    57  9318    74 
 1245  1418  9480  5698   831  9428 
 9778  1182  5055  9892  9717  2833 
 9944   657  3830  2558    52  7038 
 6089  2699   119  3771  3707  2241 
 8640   214  1867  6666  9496  3522 
 2040   564  9602  9312  7965  1997 
 7639  9801   713  5038  9953  2251 
 2530  3718  2499  4561  5799  5449 
 1013  1429  9251  5507  4226  1247 
 4947  3637  6594  7933  6868  2384 
 4217  5297  7626  4540  4335  8170 
 5154  6586  5070  4965  9494  9258 
 4619  2594  7056   199  9722  3283 
 6617  4189  9691  5931  1589  5003 
 6794  9292   827  3238    87  4750 
 9539    32  5970  6190  9592  4363 
 5282  3779  9522  9206   835   865 
 4508  7956  1129  8826  1131  3928 
 7282  2570  6068  1020  1807  9897 
 9504  9078  1613   738   700  4994 
 3635  7431  6397  9760  8432  8888 
 7473  5298  2344  9589   508  5505 
 1687  9569  8017  7255  5143  6378 
 3236  9687  9686  4798  1075  2398 
 9657  4917  5773  1305  4987  9331 
 5626  4795  6907  5877  2883  9505 
 4846  9614  1709  9564  9574  8326 
 9540  5891  9829  5617  9707  8353 
 9655  5831  3261  3557   127  1565 
 3148  5471  1924  6733   454  3769 
 6813  6183   370   825  2028  9791 
 6798  9797   959  4499  7538  7329 
 5543  4245  4496  1662  9764  8974 
 9407  4146  5562  8486  7154  6677 
 3774  1167   123  9538  6054  6047 
 2293  4006  6849  9809  2849  9860 
 2610  5794  3528  5434  5114  2407 
 3864  9622  1221   940  2282  8982 
 6807  8469   607  1541  2806   241 
 6539  5352  5816  7018  3448  9856 
 2404  9795  4166  2322  7838  5252 
 4518   942  4775  2424  4955  8242 
 1509  9861  2957  5125  9536  2199 
 2429  4030  5376  9607  8901  9668 
 9670  4725  1273  7366  8280  9492 
  514  4744  3353  7505  7429  7512 
 4675  4235  3566  1064  5412   458 
  798  2161  4343  5044  3602  3270 
 8768   911  1054  1850   547  6681 
 3738  4575  5231  5333    29  5155 
 9891  5463  6052  9804  9094  9705 
 4645  1283  9776  4469  9842  8758 
 7790  2238  5151  5614   716  8287 
   77  2420  9966  5939  8074  5633 
 8490  5917  9604  7441  2268  1210 
  983  8330  3969  1275  2541  6491 
 6621  4421  5132  6086  4420  5142 
 5323  1077  6393  6676  5795  5706 
 9653  6029  6342  5801  4634  1374 
 6475  9371  1217  2341   790  1963 
  892  9665  3223  6264  9735  4155 
 9916  8367  9875  9895  1474  1493 
 2235  5343  6493  4697  4954  4464 
 1846  1652  5886  6534  9390  2246 
  157  4194  6070   402  4828  5411 
 8728   642  9326  2879  4626  9433 
 5075  4763  1362  8204  6163  2576 
 1318  1617  4460    85  7744   674 
 6157  5146  3619  8821   939  5393 
 6942  1278  6746  8898  2334  1199 
 1927  3750  6268  5454  9595  3919 
 8120  9973  4875  3751  6651  9792 
 5149  6180  3150  2534  1207  4248 
  887   893  4366   698  9689   386 
 6518  9667  9593  9843   511  5967 
 4900  7934   782   317  5746  4411 
 5728  5322  9688  5318  5123  3944 
 3899  5848  4728  7481  1137  3818 
 7530  4288  1432  3239  8421  4732 
 9308  1875  8298  5637  1751  4541 
 5033  5084  4655  5394  4807  8402 
 1637  1628  7462  5546  1532  8506 
 4950  3548  5308  7945  5232  4862 
 6639  1101  7007   729  9306  9287 
 1609  4890   900  9865  3274   462 
 6913  5254   153  2512   100  6189 
 4402  5237   233   302  5208  2965 
 9752   408  4924  1181  4903  5465 
 5475  5147   139  5015  9675  1437 
 5735  4905  1417   116  6946  8306 
 8478  3546  4814  9485  4564  2712 
 1771  6143  5190  4505  4177  4135 
 4243  8853  4429  5514   460  8383 
  979   109  4340  3645  4447  5744 
 2929  2188  1024   497  9229  2774 
 4745   474  9728  2586  4639  5227 
 4255  4837  1109  5971  5436   913 
 7785  5176  6614  5944  1031  3047 
 6065  2007  9451  4461  6346  5620 
 4669  4206  9940  1540  1314 
