loading file name ./test_data/59scpnrg4.txt
Generating problem instance started 12:22:26
Generating problem instance complete 12:22:27
Generating problem instance took 1.000000 seconds
Solution generated started 12:22:27
Solution generation complete12:22:27
Generating a solution took 0.000000 seconds
Total Cost: 46048 
Required Covers 944 
Minimal Covering Columns: 
 7029   881  6958  5623  3893  5964 
 5140  5697  7471  1469  2306  9653 
 9892  8969  7548  5821  6946   643 
 2638  4823  3067  5367  6194  7225 
 8194  2078   808   602  9867  1025 
 3743  8363  1725  5519  8627  6653 
  495  4860  5373  2787  9718  5656 
 4608  9637  9788  7881  1425  1379 
 5534  4456   197  7430   102   511 
 7199  4406  4296  5336  9903  2824 
 6550   467  6577   982  3748  2914 
 9784  2516  5879  1253  1220  3869 
 3774  5618  7434  1785  5449  4967 
    5  9762  1624  6023  9683  9419 
 9696  3996  3536   988  4950  1015 
 5701  5163  5216  2789  9201   995 
 6901   821  4126  9809  9179  4459 
 8196  8598  6548  2060  2151  4634 
 5851  7975  8956  2067  8500  4014 
 1283  2031  2507  5057   319   903 
 5629  6201  9921  8058    70  5432 
 5506   195   914  4219   234  3155 
  261  9853  7927   823  7899  9800 
 2103   376  5084  9967   906  2220 
 9732  4740  4835  9794  7936   362 
 3180  9620  9933  9640  4561  9971 
 5785  3624   218  4685  3992  1193 
 1704  4883  8314  9819  9917  5518 
 6519  3683  6131   705  7546  8624 
  210   338  6228  6326  2828  6786 
  216  2597  8094  3414  6621  1605 
 6381  9727  1297  3248    96   730 
 2235  8718  1489  9983  4693  2336 
 1051  5347   125  7376  5121  1243 
 5079  3370  6666  7457  7173  9551 
 2764   228  5019  4538  8379  4804 
 8497  9855  3923  1674  9173  4960 
 3060    59  5089   208  2523  4661 
 3957  6392  2985  2737  4493   534 
 8774  6642  6754  7177  9726   308 
  916  1322   451  7903   744   343 
 9723  1852  5156  1085  6858  1711 
 9699  5632   665   199  1893  3294 
 7456  9473  3935  1671  5119  1369 
 1817  1189  4663  2852  2687  5427 
 9632  1110  8251  4091   452  5253 
 9828   243  5653  9612  7458  2823 
 9729  9651  2877   225  8037  6979 
  736  1347  4840  5436  3858    12 
  279   560  9768  4920   351  7267 
  388  7750  8594  9719  1237  5475 
 5983  9803   911  5825  2836  3269 
 5002  6467   700  5325  2673   136 
 5549  4096  2963  9631  9151  4726 
 6376   127  5250  1192  3802  8083 
 5452   427  3251  6790  9805  7277 
 9649  4612  1417  4559  4377  5575 
  478  5693  4030  5073  1349  1556 
   75   771  1084  4811    97  9126 
 5173  4765  9814  5020  5756  3979 
 6497  8308  2854  9756  1099  6584 
 4415  4179  8418  3169   627  4969 
 2131  6813  5517  3813  6375  5359 
 4576  4103  8169  7424   198  4989 
  855   803  5273  6871  4270  3897 
 2672  6021  6118  6336  6261  3467 
 9609  8684  1422  5303  3830  6787 
 8153  2699  2586  4595  9989  3846 
 9634  3546  8978  3423  5272  9763 
 4213  4596  9841  6674  1308   786 
 4424  3418  6756  2801    15  9796 
 1823  1963  7354  9931  2302  9546 
 6294  1286  9942  5638   717  4380 
 2455  6024  7154  9823  9780  5514 
 9747  5388  4660  8156  1210  5047 
 1211  3020  7389  6897  3239  6270 
 6087  6643  9974  5668  9316  6618 
  179   408  5358  5722  2681  1002 
  274  6972  2629  3284    58  2491 
 9714  1604  9810  1995  4697  2646 
 7329   484  6671  3477  8688  4843 
 5046   673  1216  9808  5003  7384 
 9939  4107  5175  2041  4891  7027 
 1303  4851  8743  4437  1909  4829 
 9664  3648  8399  4167  4899  1419 
 9901  5567  8489  5393  1421  9866 
 3637   322  6176  7555  1491  6154 
 5476   544  9429  7970  6380  1165 
 5054  1061  2239   419  5043  8433 
 5690  3445  4249  5686  4535   135 
 2477  3425  9186  4627   694  3136 
 6332  6776  3925  1296  5361  4648 
 8426  6124  8334  9751  8223  9887 
 7425   129  7025  9734  3593   252 
 5240  7121  7672  5033  7963  3109 
 2372  9273  3638  4189  5215  6128 
 3003  1093  4262  1177  8488    38 
 1317  5085  2686  7744  7989  1183 
   14  1094  1089  8552  5184  8374 
 3664  6767  7459  8392  9717  2309 
 2524  6251   213  9981  5420  4976 
 6891  6272  2573  5235  2903  4584 
 6245  9760  8946  7614  7580  7852 
 4776  9787  5214   352   207   571 
 3562  2293  3266  5193  3761  8820 
 4557  9086   986  1301  1934   792 
 6878  3839  9700  4619  5383  5508 
 5014  5315   381  6001  6407  2815 
 9333  9790  4888  1707  4853  9839 
  621  8940  1519  2360  5405  5837 
  872  3022  5070  2615  5412  6159 
 9822   637  9680  5984  4807  1945 
 6588  1407  1140  8501   337   238 
 1404    16  8079  6424  6791  4517 
 1007  9758  5279   500  1158  1016 
 6949   512  1162  9825  6273  6559 
 1471  1310  8041  5326  5526  1488 
 2452  3873  9585  5276  1409  2575 
  935  5818  5502  2497  4971  3406 
 1568  9820  4388  7064  1036  4990 
 5509  5446  1716  2352   437  4520 
  242  5113  4755  6324  7956  6208 
 3327  5300  6432  4524  6132  9777 
  555    63  5213  1935   901  9565 
 9870  3544  1438  1186   833  7131 
 9580  7982  4814  5966  4236  5617 
 1031  5015  9670  3884  8930   599 
 1779  5097  1370  5840  6928  2184 
 1796  6007  8105  7890  5548  9875 
 5511  2514  3721    65  4998  3808 
 3027  4689  3368  6241  9073  4548 
 5524  1062   133  9804  6277  9764 
 5458  6743  4418  2720  4070  6193 
 5110  1985  6518  6605  9791  6489 
 9860  5767  1466  6961  5225   294 
 6910  1756   585  2800  1309  7552 
 7596  4751  7200  8513  9766  6011 
 5935  4244  5844  1849  4756  4815 
 4832  1055   497  6026  7281   962 
 7540  6716   661  7649  5086  5382 
 1420  5413  6889   897  1182  7212 
 5096  3551  3860  2904  9627  1078 
 3357  5165  7096  1159   278  6419 
 9900  1537   196  5051  1072  4866 
 3208  6574  5194  4963  6373  5011 
 6139  9478  5467  2484   204  5328 
  611  5284  1070  3377  5013  4940 
  283  7065  3571  3162  7955  4922 
 4346    37  2779  1881  5814   605 
 4666  4378  9816  5870  9308  4711 
 9698  5095  5062  7117  5815   171 
   17    73  4753  5908  6730  1134 
 8674  1400  5609   126  1268  4077 
 7387  9707  5426  4433  5440  6205 
 5541  1618  1760   180  6896  9608 
 4058  6619  9611  1776  8007  4996 
 9761  6422  5858  4659  8320    43 
 1607 
