loading file name ./test_data/60scpnrg5.txt
Generating problem instance started 12:22:27
Generating problem instance complete 12:22:28
Generating problem instance took 1.000000 seconds
Solution generated started 12:22:28
Solution generation complete12:22:28
Generating a solution took 0.000000 seconds
Total Cost: 45234 
Required Covers 944 
Minimal Covering Columns: 
 1368  1053  7044  5707  4014  6082 
  821  6163  8696  7519  2449  9835 
 5057  9193  7810  5800  7177  5946 
 2769  5022  3203   838  6447  7395 
 8360  6449   954   776    39  1274 
 3882  8532  1903  5667  4835  6809 
 6157  5146  9983  3060  9941  5764 
 4786  6170  9871  8215  1611  1569 
  273  4533   330  7498   259   608 
 7265  4622  4404   232  9981  3052 
 6743   640  5808  3925  3111  9933 
 2586  6088  1452  1435  3972  3951 
  468  7522  2132  5712  5195   297 
 2955  1832   801  9787  9822  9987 
 4125  3664  1101  5074  1411  5857 
 5286  5384  3005  2749  1151   327 
 7149  4214  9877  9522  8836  8373 
 6559  6692  2228  2303  4815   568 
 4637  9015  7636  8707  8304  7758 
 2203  8223  5659  5693  1095    19 
 1976  3832  8303  5600  5587  5893 
  312  6632  4349  4708  3346   578 
  111  8181   889  8024  4347  7387 
 9950   548  9661  4966  1165  6523 
 9922  7700  4993  4990  4893  3480 
  504  7467  9722   105  8254   308 
 5918  8093   466  9834  4208  1397 
 1836  5125  4064  9908  9951  1734 
 6625  4029  6233  6977  7665  8794 
  253   407  1459   902    33  3045 
 7013   282  2710  8195  9399  6822 
 1922  6617  9860  5088  3411   183 
 1190  2430  3102  1601  5111  4922 
 2528  1200  5607   165  7464  5354 
 7505     9  5317  3599  6780  7630 
 7343  5542  2902  4129  5124  4617 
 8568  4882  2708  4440  2608  1772 
 5743  3127  5211   444  2637  4957 
 4109  6663  3210  2910  7706  5951 
 9831  6673  6913  7367   637  1208 
 7269  5928  8072  5208   936  6916 
 9824  1344  5219  1216  7101  1820 
 9978   792   258  2009  8719  7612 
 9605  8838  7092  5214  6824  2015 
 1398  4810  7251  8098  5673  4542 
 5568  2209  4215  5398  1418    63 
  342  5898  4436  7550  2941  9874 
 9952  3096   544  8132  1475   923 
 1515  5047   677  3979    45   385 
 5864  9961  9956   414  7394   484 
 1616  8626    48  1474  5710  6077 
 4448   975  9963  3001  3391  5045 
 1308  5690  5565  2720   287  5645 
 4272  3095  3634  1665    89  6641 
  510  5761  5337  1400  3858  8243 
  176   607  9328  6355  9990  7515 
 9723  4754  1532  4702  8605  5586 
 3935  5160  5709  4279  5133  1372 
 1674   212  5796  5285  9914   230 
 9296  5312  4854  7546  5046  5901 
  147  6558  8388  2961  6213  1156 
 6638  4686  4380  8585  3296   743 
   82  2173  7107  3914  6553   711 
 4758  4148  8321  2308   509  5154 
 1001  1012  5357  6950  4494  3974 
 5958  9797  6205  6228  6490   924 
 9782  9878  4441  5388  3955  6959 
 8288  2807  8118  4800  5590  3950 
 5044  9759  3784  9020  6925    70 
 4433  4828  6880  5313   916    73 
 3517  6973  2932  7437  4704  6982 
 6064  7601   122  2431  5363  6485 
 1491    66  5813  5186  4590  6225 
  186  2464  9988  5695  9815  9944 
 5538  2065  9668  4809  8310  7179 
 1487  3069  7617  1359  3416  6619 
 6363  6907  5873  1446  9384  6804 
 5910   314  5472  1408  3000  6860 
  501  7052  2733  3400   284  8353 
 9938  1829  9876  7866   127  2822 
 7418   648  6798  3592  3849  4948 
 5572  5883  1297  9906   666  5603 
 7621  5254  4180  5370  2239  5007 
 3309  5009  3816  4677  1995  4909 
 9776  4039  2635  8007  9955  5954 
  136  5718     4  8610   124  1511 
 9980  3777  5776  6381  7581  1617 
 6244  9816   622  5463  8222  6547 
 6482  5304  1330  2436   528  5103 
 4574  4729  1258    27  3558  4408 
 5706  4630   238  2638  3532  2782 
 9726    20   739  3217  6454  6957 
 8410  1483  5539  4998  8594  8425 
 3695    60  7557   207  7264  5054 
 3706   309  5467  7172  7759  5140 
 8128  3327  2507  9690  3733  8645 
 5352  6237  7051  9930  5643  4384 
 1431  3602   223  1389   655  2781 
 7897  2054  4518  1223  1311  7627 
 8488  3885  6858  7579  8835  9925 
 2505  7534  6530   389   252  5585 
  121  7050  6365   933  2826  5397 
 3043  4730  6514  9035  7673  4090 
 8013  4849  3977  3562   335   724 
 3915  2682  3320  2000  3876  8952 
 4768  9227  1164  1385  2118   915 
 6985  9847  9888  4667  5517  5167 
  448  6138  6542  5076  4117  4824 
 4733  1999  5100  9912   718  5975 
 8580  5496  6006  1064  6837   345 
 5566   416  5904  9926   759  9761 
 6046  9968  1971  6686  1647  1251 
 4164   455   373  1703   166  8277 
 6529  6890  9965  6442  9870  5445 
 5181  7476  1307  7095  5451  6060 
 9994  5112  6704   137  6003  1638 
 1589  5409  5594  1774  2524  3954 
 9900   854  1625  2767  1221   647 
 5551  2701  3493  1624  9863  7331 
 1172  5071  5437  9920  5514  7279 
 8035  5651  4655   387   698  4877 
 1456  4586  1026  3368  5548  6524 
 4627  6288   653   129  5329  1992 
 6533  9711  3175  9942  3636   633 
 5303  4387  6368  3022  9733  8097 
 4840  6092   172  6600  6531  9967 
 9760  8030  9012  6998   805  1863 
 5239  6935  5972  2550  2334  1985 
  619  8296  3708  5724  5765   728 
 8089  3821   209  5128  6997   188 
  344  6350  3425   317  9283  4638 
 5684  1213   247  9873  6629  9843 
 1060  6892  6676  4212  6433    47 
 5212  2083  1044  6839  6585  9954 
 5818  1613  9901  7073  5367   410 
 4213  1851   687  2872  1604  1375 
 4284  4869  9770  3670  4013  6096 
 2983  6251  4913  5302  5081  4902 
 5418  1316   542  6125  7388  5086 
 5774  7676  6922  5529  2894  5223 
 8494  5493  1655  5621  7023  1243 
 1488  7495  8134  8323  3165   349 
 3694  7419  1069  3639   386  2795 
 5986  6608  4783  6785  4737  4672 
 1161  4945  3410  6648   582  4931 
  187  6287  9699  5805  5506   355 
 1020  5454   694  5495  1150  6848 
 3608  5049  5162  7175  3117  3798 
 8656  8158  5139   171  3038  2078 
 4473   783   583  4603  9979  7944 
 9455  4879  8544  5129  5217  7290 
  142  4999  4010  6854  1242  2703 
 1479  5775  1930  5540  1373  4142 
 2999  4889  5530  1245  2103   225 
 5020  6660  8027  5511  6971  9708 
 4235  6775  9893  6980  8171  5066 
 9885  1951  5991  4731  8460  1673 
 1505 
