loading file name ./test_data/61scpnrh1.txt
Generating problem instance started 12:22:28
Generating problem instance complete 12:22:30
Generating problem instance took 2.000000 seconds
Solution generated started 12:22:30
Solution generation complete12:22:30
Generating a solution took 0.000000 seconds
Total Cost: 47120 
Required Covers 948 
Minimal Covering Columns: 
 7667  9771  1210  3712  5901  3631 
 2411   202   285  7420  7341  8027 
 3049  9488  7851  4971   426  8869 
 6991  2553  3156  6289  1047  6052 
 6023  3716  9017  5839  1093  4132 
 1943  1160  5860  7800  9132  4399 
 7287  6007  9451  2501  1493   412 
 3750  2181  1863   372  2700  9532 
 2937  9591  7641  9429  2042  3091 
 3228  6093  3615  1782  9705   341 
 7842  6106  3119  2014  3733  1346 
 2809  5498  7557  2139  4288  9417 
 7997  6347  2930  6580  2163  3361 
 6655  2044  5238  8439  1058  3812 
 2749  4599  3196  4944  8582  9273 
 4406  1288  7688  3407  7216  5061 
 2425  1113  3688  5242  1045  8817 
 9059  7894   498  1217  4362  5118 
  180  1183  5030  9655  9398  4027 
  524  5213  4675  3842  5169  7029 
 1224   414  5347  1310  1037  3808 
 5891  2304  5770  6008  1340  6679 
  841   530  4038  5799  8936  3115 
 7358  7579  7682  6673  2983  2528 
 3731  2448  4910  9639  2714  6960 
  742  4532  5322  7518  4579  5584 
 7126  1215  4552  6995  2544   306 
 5782  7788  8743  6538  4341  2019 
 4034  3616  2436  4886  3780  3248 
 6273  5025   153  4848   274  7600 
 9649  5328  4108  3714  7986  6264 
 1315  4372  4350  5097  8180  2669 
 3830  4170   901  5378   533  1130 
 2435  9411  8833   936  9536  6969 
 4658  4142  9078  9501   462  5286 
 6523  5958  2761  6693  8022  9637 
 9676  3415  7631  3892  6327  2215 
 9797  3329  7591   281  5247  1893 
 3818  3729  6977  2735  1459  1216 
 3700  1458  3735  7606  4283  1696 
 6250  2958  4040  9405   155  5136 
 2229  8940  4597   164  7552  8661 
 7794  9512  7071  7695  4146  9138 
  401  7831  9782  2524  5098   614 
 6720  1516  3742  5643  6632  9779 
 9286  2397  1462  3010  6635  4074 
 6665   459  2723   713  8093  7481 
 8288  9151  8402  1296  1866  3456 
 9534  3258   642  5396  9449  7230 
 8882  9557  1376  7119  9339  2704 
 6683  5502  1969  5765  5979  9723 
  476  6692  1201  9745  1164  8456 
 8398  2750  4116  9302  5021  5473 
  619  7372  2017  3150  2701  2059 
 9802  2527  9393  1960  6756  4536 
 6418  6005  8198  4997  4861  4138 
  975  1424   921  4443   215  7566 
 7003  2686  3660  8917  2992  4556 
 8658  5369  9281  6831   595  2352 
 6132  4622  2131  8466  8276   478 
 3971  3579  8224  8547  6782  2566 
 3993  4204  1804  5007  4927  3174 
 4042  6095  7488  9082  3312  6630 
 6652  6275  4577  1138  5107  9693 
 6825  8219  5829  5045  7426  4547 
 4820  1289  2505  4400  8846  8791 
 9367  2127  3852   560  6972  9781 
  405  2040  1202  6678  3584  9377 
 9035   184  7516  9104  6097  9169 
 1560  3478  4195  8160  1055  5212 
  244  6249  1921  3097  1277  2307 
 9856  2868   275  3386  6638  6247 
 2856  3475  4071   288  2589  8790 
 8959   468  7077   993  2468   271 
 8079   626  8495   122  3310  6771 
 4881  5759  1368  6704   431   238 
 3517  9819  5323  6686   406  8365 
  550  1788   600   309   268  8085 
 1870  5022  9358  9027  5671  5714 
 7929  4298  6180  8544  4302  1571 
 2604  1207  6349  7863  5512  7051 
 2157  2653  8192  2556  8037  8843 
 3522  1440  2085  5189  4580  8898 
 7168  7775  6571  3613  3954  7351 
 7541  2840  8785  5818  2687  7769 
 1184  9588  7772  3055  6499  5465 
 1983  5682  3883  9406  5844  5285 
 2245  5020  6458  2496  7344  7241 
 7385  1247  1342  9372  5274  8673 
 8631  5816  8081  2708  5273  4082 
  203  7355  8353  8154  9356  6614 
  946  9680   396  4843  3554  9245 
 3195  1274  4469  6054  2896  3838 
 4360  4059  8983  5080  9001  2006 
 8808  7504  9566  7059  2858   856 
 3698  3158  9485  3266  3885  7395 
  505   961  2236  4743  4264  3054 
 9388  1275  7434  9505  8706  9307 
 9342  7941  7694   990  3949  7752 
 6065  6170  8972  6965  6026  5196 
 5436  6449   519  5292  5495  7308 
 3589  5883  1941   241  6724  3834 
 1883  6904  8787  5300   272  8513 
 6533  2173  8551  1823  5842  5413 
 7672  2996  5383  1562  3647  3390 
 6901  7088  9793  9110  6472  1212 
 2289  7692  8890  1939   400  8362 
 6539  3659  3944  2999  1088  3257 
 8241  6838  6207  6336   944  8016 
 2894  3527   284   472  6579  2998 
 6648   216  1264  5253  1032  1809 
 3869  7114  8451  7779  4497  1141 
 5026  8519  6130  1039  6939  5894 
 6794   598  1043  5919  5857  8638 
 5392  8599  8227  3212  4489   676 
 6119   160  4625  2789  8307  2008 
 1182  1195   522  2270  8122  7235 
  179  3223   420  5491  5814  8197 
 5219  5572  1844  1857  7252  6342 
 6913  8342  5467  3825   492  6623 
 1453   385  1209  4709  1827  5289 
 2509   625   997  2322  7741  9526 
 4421  2585  8084  8331  8568  4398 
 6949   935   196  1169  8616  8721 
 2741  6813  8971   419  8352   567 
 6281  6588  6973  2921   960  7543 
 1429  9060  8701  1258  6715  2057 
  973  6945  5807  5134  2816  4345 
 6160   470  6058   987  7122  8010 
 6245  6642  3188  9548   992  6117 
 3249  4305  4648  6325  8121  7678 
 9101  2631  3976  4144  7598  3074 
 5972   220  4260  7755  3836   932 
 5480  8816  9437  6459   334  6558 
 4619  3283  2082  1373  8866  8627 
 3576  6182   510  3786  5742  8250 
 2758  8765  6068  1963  9243  8570 
 8614  3588  8151  5934  2924   410 
 2843  3022  1638  6912  8196  8432 
 4967  8697  7342  7183  1835  6313 
 4557  1769  1895  3630  7576  6290 
 7515  6191  3501  7526  5781  8922 
 1435  2167  2212  1881  8884  7476 
 5487  3793  2254  7386  3469  9413 
 7462  4965  1048  4110  2028   709 
 3371  7833  9455  7802  5880  4054 
 6706  2935  4235  2834  3391  5523 
 1185  4317  4395  6680  8518  8347 
 6319  4026  8933  4043  4603  1490 
 4740  7639  4806  4016   416  2947 
 4718  2056  5728  5172  2197  5626 
 1413  1259   887  2373   475  5004 
 5310  5768  3395  6793  4513  8508 
 8515  2035  1331  8586  8396  4616 
 3128  8213  1831  2729  9419  4554 
 7647  5298  2312  4019  2191  1628 
 6970  8699  3514  8996  8289  5886 
 1472  8287  7756  7284  8328 
