loading file name ./test_data/62scpnrh2.txt
Generating problem instance started 12:22:30
Generating problem instance complete 12:22:32
Generating problem instance took 2.000000 seconds
Solution generated started 12:22:32
Solution generation complete12:22:32
Generating a solution took 0.000000 seconds
Total Cost: 48922 
Required Covers 955 
Minimal Covering Columns: 
 7823  9860  1430  3903  6008  4471 
 2464  1255   430  7501  8099  8919 
 3159  8603  8010  4106  1200  7726 
 6388  3327  2551  5702   404  5442 
 5435  5703  8462  6806  1203  4276 
 2022  9537  5968  7892  9898  5088 
 7373  5404  1234  3434  2665  1377 
 5354  2313  1412   537  3575  9640 
 3102  9666  7081  9556  1291  3998 
 2527  6202  3719  2753  8994  2219 
 7067  6229  3300  2107  3824  2976 
 3028  4899  7686  2265  6278  9597 
 7266  6459  3808  6697  2239  3631 
 6762  2126  6221   717  8552  2166 
 4828  2938  3322  4752  3248  5066 
 7870   699  5323  1574  7103  3524 
 7369  4464  1157  1873  3844  5370 
  428  1626  9155  9190  1314  2159 
 4477  5257  2181   273  5166  9709 
  337  4933  1453  5491  4732  4033 
 5320  7112  1326  9676  7287  2369 
  381  5449  6033  1630  4991  5038 
 1551  6088   934  2209  4077  5906 
 9018  3241  8213  8561  6123  5784 
 3082  1922  3043  3534  5802   758 
 1444  7073   857  4607  7633  4678 
 6599  8050  3181  3853  7978  4387 
 9803  5937  7863  8871  5808  1517 
 4420  1370  4128  2717  1877  5866 
 3183  4240  6379  5189  9502  4959 
 1185  7710  9737  5418  4918  3830 
 8265  7491  2003  4493  5036  5182 
 8418  2910  4058  3552  2192  5417 
  644  1254  1854  9530  1305  7243 
 1792  9678  7139  4669  3483  8289 
 7842  2268  5358  7537  6935  2925 
 6783  7487  9817  8254  4334  7718 
 4029  6444  1438  9862  2675  9708 
 5338  3974  3912  6209  2893  1629 
 2236  3884  1573  3803  4439  1019 
 7172  2387  4152  9498   277  5324 
 2322  9681  4673  3069  7685  7969 
 7220  9610  7648  6396  6386  4457 
 8688  9931  9866  2644  4362  9843 
 6080  2344  1463  3840  5796  6161 
 9881  9407  2537  1612  2248  1521 
 5984  2100  4137  6824   560  4646 
 2025  8251  7656  7764   387  5541 
 1397  2091  3574  9617  3369  1487 
 6329  8795  7313   675  9730  2280 
 7236  9454  3753  4129  5586  1556 
 4845  6044  9864  5579   605  7768 
 1315   583  9611  8456  2898  5099 
  391  1176  5076  5551  9939  7624 
 2723  2160  3696  2120  9069  2662 
 9827   510  1067  6850  5362  7561 
 6157  8321  5094  4948  4827   401 
 1548  9593  4525   288  7095  7118 
  233  3756  9094  3093  6153  9553 
 5495   452  5317  9858  2467  6266 
 3750  2208  8640  8963   617  4110 
 2768  8915  7897  7569  1888  4953 
 4314   389  5089  5073  3329  5128 
 8186  8169  3384  6695  6103  7143 
 7709  5747  1978  6111  9847  5304 
 8343  5907  5153  6521  6261  5881 
 1533  2557  4549   638  8890  9480 
 2186  4922   723  7074  9893  1264 
 3009   526  6169  3630  8671  9176 
  274  9374  6964  8473  2253  3592 
 4390  8310   441  3545   349  6397 
 1132  3222  1420   671  3014  9497 
 2565  7328  6915  3040  2805  4168 
 1966  7930  9882  9065  6173  3586 
  376  1772  9431  8201   695  9424 
 9335  4148  5951  6081  5964  6452 
 6807  9634  9495  3612   604  4337 
 6884  9760  7711   735  1345   676 
  457  8692  9058  1191  6068  9445 
 9085  6450  5827  8028  4360  6231 
 8631  5342  1659  2903  1379  6543 
 7985  5599  7214  3167  1875  9322 
 3427  6725  5518  9758  3017  3136 
 3118  3681  8054  9662  4939  5763 
 3713  2418  7445  7805  2718  4113 
 9732  5911  3676  7903  2874  9005 
 7916  3163  6589  5590  3700  5812 
 3965  9473  6552  5391  1417  4594 
 7178  2660  8026  5826  6551  1361 
 9477  1522   362  9739  5976  8905 
 8776  5261  8156  2908  5414  4281 
 1650  5676  8445  7269  9464  7363 
 1071  5151  9763  1582  5027  3625 
 8642  3331  1396  3848  6129  3492 
 4008  4423  3481  9063  5260  2922 
 8922  6207  9654  6085  2996   207 
 4890  2212  7905  3454  4078  8282 
  727   373  2329  9567  4127  5497 
 2193  9527   752  1926  6047   507 
 8848  9419   354  8751  6926  1097 
 4130  6972  5269  5255  7046  6097 
 4513  6671  8351  1818   680  5379 
 6432  3701  5972  2045   377  6822 
 1973  6961  8273  5408  1338  8630 
 7878  2317  8812  1908  5929  4718 
 8373  2131  1625  6903  3746  2609 
 3992  7087  8572  6520  9918  9242 
 1952  1329  3089  8758  7792  8975 
 2880  9883  8536  7310  4395  4047 
 3991  1159  3401  8399  2977  5608 
 5390  1093  8145   360  1404  5125 
 1348  1209  6709  4065  7329   301 
 1413  3621  5343  1147  1972  1969 
 3291  6376  8639  3892  1866  5149 
 8670  6319  1198  7191  6075  4584 
 2538   320  7064  7849  4709  9386 
 8355  3994  8205  3886   871  5148 
 9568  4821  3021  8460  3138  2370 
 1335   603  1365  8207   420  7352 
 2069  3363   622  2320  6373  4915 
 5364  5766  1215  1113  7474  7153 
 8027  8504  5577  5978   608  6801 
 1606  9451  2283  4184  5382  1128 
 1539   509  9043   596  7885  4465 
 3560  1366  8196  8224  6113  9594 
 8677  7040  1592   299  8745   498 
 3411  2861  6380  9048   506  8570 
  809  7338  6021  5483  4003  1839 
 6158  8284  8869   651  4864  4300 
 1076  7056  5908  6015  2937  5037 
 8109   527  8249  1137  7277  8113 
 6311  6818  8608  9046  1075  6770 
 4388  4881  4704  8229  1913  9200 
 2697  3109  3566  6844  2005  3189 
 6072   328  5040  8781  4066  1732 
 4794  2057  9903  9720  6519   470 
 6692  3837  4304  2953  8763  3672 
 6952   582  4987  5057  8322  8757 
 2884  8874  6182  3315  9367  9509 
 9616  2836  9141  5276  3085   558 
 3822  3214   759  6109  8309  9363 
 3338  8863  7449  7989  7880  1968 
 3112  6395  4856  1876  1358  4531 
 8609  7230  7666  2974  7681  5943 
 1547  2307  1232  8359  8497  6289 
 2345  7406  3569  9583  8225  5741 
 4264  9874  3494  7976   496  7907 
 5193  4976  6897  3794  4332  2994 
 5623   594  3682  4530  6765  6793 
 7742  6392  4147  2375  9054  4946 
 4836  1611  4883  7757  5601  4460 
 2599  9731  2358  5847  2914  5905 
 4436  1486  1557  1386   136  3256 
 9791  5096  6083  6189  6212  2824 
 8626  7925  2123  1411  8716  8471 
 5395  5931  3287  8380  2754  1998 
  346  5493  7743  4574  1718  4763 
 3125  1730  7990  8792  3673  9099 
 8458  8029  9701  7080  7390  8413 

