loading file name ./test_data/63scpnrh3.txt
Generating problem instance started 12:22:32
Generating problem instance complete 12:22:33
Generating problem instance took 1.000000 seconds
Solution generated started 12:22:33
Solution generation complete12:22:33
Generating a solution took 0.000000 seconds
Total Cost: 48069 
Required Covers 951 
Minimal Covering Columns: 
 7938  9925  2151  3926  5015  3768 
 2503  1311  1555  6816  8180  9036 
 2365  7875  8902  3265  1345  7768 
 6436  2716  2631  7060  1197  6310 
 6184  6478  9216  6921   313  3291 
 3050  8664  5357  7219  8438  4532 
 7432  5423  2917  3507  1628  1493 
 5372  2428   595   597  4466  9707 
 4959  9762  6281  9647  2262  4124 
 1797  3803  3516  9784  3168  7181 
 6296  2531  2168  4553  4376  2364 
 4980  7045  3031  4438  8941  7370 
 6525  2137  6791  1427  2853  6804 
  449  7009  2406  9539  2188  4901 
 2998  3377  4891  3315  4032  7894 
 1388  5382  2658  7103  2839  6323 
 4516   461  9808  3877  3754  1174 
 1708  9951  8623  1380  2206  3778 
 5364  1231   319  4408  9807   393 
 5022  2227  4501  5657  3287  4508 
 7177  1357  9736  6384   404  6263 
 6099   651  5026  5135  9790  5414 
  409  2273  5553  5129  9069  3345 
 9160  8639  4487  5891  3151  1991 
 3124  2585  5108   838   786  7223 
  937  3712  6217  7682  5637  8313 
 9177  3222  5428  7146  4437  8338 
 6684  8637  9695  5133  1572  3609 
 1461  4878  2134  1921  5949  3235 
 4273  6417  5868  9570  5033  1277 
 7774  6228  2070  8271  6592  2090 
 5258  5754  3614  7309  2968  4089 
 5273   364  5464   736  1886  8814 
 2212  6416  1873  9775  7295  5321 
 3543  8310  7913  2355  5431  8475 
 6153  3921  5885  7525  9896  9044 
 5194  8578  4688  6513   507  9130 
 2758  6133  9755  4521  2103  5287 
 3964  6287  2958  2559  4152  3924 
 2470  3129  7172  5413  1057  7225 
 2423  5716  9551   840  6072  2401 
  475  3908  3113  7727  8040  7265 
 8631  6061  6501  6465  4451  7871 
  621  8575  9144  2739  8533  6134 
 3183  1566  3905  5221  6201  1499 
  514  2572  2226  1245  9542  6797 
 4192  5738   622  4668  2106  7510 
 7721  7801   465  4701  2254  2902 
 3645  9693  3453   756  6414   443 
 7338  1401  9796  7937   382  5346 
 3081  5644  1542  4981  6080  9286 
 5592   627  5884   513   628   586 
 1208  8514  3022  5175  1525   356 
 5984  4614  9960  6789  2861   554 
 4582  2263  7617  3468  9131  1221 
  269  6187  5404  7614  6219  8494 
 6169  5099  5587   450  2346  8164 
 4615  9759  7236   250  3107  1143 
 4648  8869  4664   535  7034   870 
 1513  5685  1609  8722  9017  9907 
 4958  3678  8901  8729  8296  1290 
 4990  3566   447  5123  5142  1396 
 4219  5557  8269  8238  4214  6802 
 6182  7213  8674  6480  2017  6890 
  677  5446  7641  5953  4289  5773 
 7238  5990  2379  1304  4599  8989 
 1255  2197  5588   790  7140  1260 
  459  3021   567  5608  4537  9532 
 8461  9455  9456   846  4511  8504 
  714  3683  3766  9841  1172  3607 
 2352  8027  1237  4885  2184  1917 
 1406  1651  9562  2714  7376  6978 
 2261  4230  2028  1830  7984  1164 
 8253  6213  5261   437   958   993 
 6365  8723  9528  5141  6017  6096 
 4288   573  5572  6234  7981  9603 
 3733  1502  3542  7669  9799  7748 
  817  1386  1560   560  8754  9752 
  340  6955  9495  9926  7111  6806 
 8742  4418  6347  7688  4558  1789 
 2960  1393  7401  8024  6694  6333 
 4173  1893  9985  4178  6768  7131 
  457  3097  3208  3139  4712  4717 
 9018   947  4478  5083  3771  3370 
 8949  8801  2848  4143  9804  4931 
 2816  7976  3849  9037  7165  3218 
 6744  5656  2865  5818  3481  9536 
 6609  4695   590  5136  6621  2731 
 9057  5051  6645  9381   333   570 
 1067   431  6034  9009  9609  5991 
 8230  2953  5501  4365  4391  6712 
 6892  8459  7857  8478  1136  5228 
  674  7926  5139  4667  9419  3419 
 3034  3898  6245  3489  4046  3519 
 5344  9118  2194  9902  6291  9672 
 3058   989  4960  3389  7098  3551 
 4865  9041  1681   422  1515   673 
 3572  5562  1429  9602  9911  3473 
 5349   551  9789  9467   390  8068 
  307  2351  7027  4509  5317  9176 
 7088  6800  4554  6731  8365   688 
  731  6267  7379  7505  3807  5159 
  578   419  6170  5574  3000  6967 
 8318  6247  1424  8692   916  9703 
 2649  4955  4754  8470  2230  3945 
 9957  8673  4322  2524  7986  8612 
 7298  9213  9915  7526  2014  1328 
 3120  8842  9100  9026  3638  9389 
 7397  5748  5122  3064  1199  4252 
 7643  7552  5438  1163   712  1185 
 2129  5143  2766  6783  6811  1151 
 1529  3063  4542  1198  2034  1211 
 3334  7247  7854  7994  3948  1918 
 5239  9549  8343  1283  7224  6214 
 2605  7841  6183  7916  5579  8839 
 8409  3298  8950  3970   943  6311 
 9611  4937  4056  8505  2217  1404 
 2366  1452  1419  8263   464  6726 
 3041  2434   641  3277  6409  5019 
 9782  7137  5869  1267  1176  8391 
 7780  8148  8559  5625  6044  2353 
 6825  2752  3251  4255  1241  6198 
 7662  1608   542  8285   625  8821 
  349  6441  4329  3682  8275  8765 
 6155  8599  8707  4512  6046  1040 
  334   750  8828   563  4425  2929 
 9887  9701  9400  2387  8132  6081 
 4566  2091  1945  6954  9023  7509 
 9637   769  4175  3297  1154  7108 
 5999  5265  4476  5665  8187  9809 
 8277  1189  9059  8929  4616  6872 
 3382  7930   711   377  6869  3777 
 4975  5567  6644  1950  8468   699 
 3344  3267  4261  6929  2049  4299 
 6149  1423  4355  8846  2432  1100 
 4055  9761  7210   508  6749  3891 
 5989   534  2265  9921  7132  4477 
 8572   667  3984  5167  7740  7970 
 1979  8956  5477  3482  9386  8864 
 9673  1339  9222  6115  2970  3295 
 8019  9310  3381  8218  6608  8104 
 9498  1099  4986  5872  1933  4083 
 2180  4576  9616  6453  8080  3797 
 4162  9097  1575  1409   564  7550 
 8546  7843  3201  3171  9576  3624 
  571  8249  5830  9535  5079  2289 
 4480  8112   594  8758  5318  6919 
 4559  3559  4433  6440  4506  5389 
 7426  7462  9096  6439  4967  3160 
 8377  3556  4918   612  5719  6364 
 7374  4492  2669  9108  2422  7602 
 4504  5964  1634  6410   623  1439 
 3343   601  6128  6007  5295  6255 
 3780  9499  9669  1418  2076  8732 
 8569  6140  6094  2304  8451  2022 
 2941   394  3782  7792  4641  1757 
 4806  3207  1777  8029  8858  4510 
  502  8529  8073  2402  9032  7180 
 8157  7753 
