loading file name ./test_data/64scpnrh4.txt
Generating problem instance started 12:22:34
Generating problem instance complete 12:22:35
Generating problem instance took 1.000000 seconds
Solution generated started 12:22:35
Solution generation complete12:22:35
Generating a solution took 0.000000 seconds
Total Cost: 49262 
Required Covers 950 
Minimal Covering Columns: 
 8892    72  2273  4035  5311  3934 
 3367  1478  2760  9185  7588  8304 
 2520  8003  9028  3529  9724  7859 
 6496  3542  3555  6571  9497  7416 
 8850  7304  9312  7059  1489  3551 
 2257  8879  5527  7387    81  5453 
 7576  5540  2217  2155   739  2340 
 5594  3550   685   737  4686  9855 
 4073  9101  5782  8953  2394  3395 
 1970  4171  4817  5061  9894  2367 
 9045  6392  3468  1387  5856  3835 
 3221  6575  7157  3877  3826  7819 
 7550  7634  3986  6979  1604  2999 
 6912   607  7596  3278  1534  2298 
 5037  3062  4131  7407  3487  3197 
 7007  1642  4815  1759  7275  3718 
 6565  4710   544  9914  4012  3084 
 2131   833    33  9398  1527  2411 
 4795  4629  1344  9679  4525   766 
  539  5130   925  5674  5812  4235 
 3682  6657   605  8756  6519  1611 
 9810  8105  6222   774  5221  4147 
  926  5534   503  2391  5690  6099 
 8351  4042  8410  9573  3975  7267 
 3337  2068  3210  1919  4185    48 
   23  7339  3454  3945  5591  7826 
 6466  9314  9299  3990  5592  7238 
 5300  8482  6814  8829  9907  6933 
 2589  4509  2312  5815  2987  2047 
 6044  3307  5127  5675  6637  8911 
 4368  1393  8931   524  6307  5020 
 2303  8425  5497  1533  5533  5156 
 4623  6576  2360  5032  5440   493 
 5576  8591  1973  2688  8109  1528 
 5673  2081  9884  7533  5500  3775 
 9545  7248  3124  4796  7793  6280 
 3146  7106  6422    61  9191  5277 
 8678  5600  6670   785  9296  1908 
 5482  9889  5615  2265  4641  3110 
 6433  4086  6561  4031  2631  2337 
 7235  6339   602  7368  1745  9710 
 1033  4632  3371  9824  3312  3268 
 7789  5909  9081  8824  8865  6686 
 3343  8138    71  2886  4569  8720 
 6266  2596   660  4712  5966  6286 
 2332   723  1941  2420  8686  6168 
 4057  5287  5925   775  4927  2952 
 8414  7867  5962  4870  3217  3035 
 3708  8975  4445  1711  7316  9708 
 7477  1620  9205  1569  8067  8793 
 7529  3297  5048    16  6073  6227 
 9377  4230  2651  6025  1512  9161 
   26  1352  8631  3147  2742   626 
 7072  3942   885  7862  3005  1360 
 5432  1285  7025  5813  8063  2921 
 9657  6295  6435  7811  6284  7628 
 5386  4339  5894  9791  2521  7392 
 5736   489  6398  8032  1210  3224 
 1254  4309  4892  9086  4826  9524 
 7317    65  1772  5756  3973  9757 
 8460    30  4286  3913  9076  8820 
 8417  1389  5669  3665  1392  6308 
 5183  1574  4412  5638  7705  9473 
 5281  6365  6288  7385  8943  6653 
 1363  7024    44  5580  7777  5400 
 3453  5947  8475  6149  2535  2775 
 4657   852  8399  3763  5801  1129 
 4968  3294   644  1433  1463  5720 
 4604  9680  8633  9602  9653  4690 
 8623   970  4941  6108    49   713 
 3736  3490  9931   687  6030  2419 
 2604  1605  1700  8128  2825  7481 
 7977  2434  4708  4323  2221  1199 
   60  1318  9318  6363  5360  9835 
 1086  1113  7512  7901  9654  6502 
 6198  6376  4479  9712  4821  5845 
 8164  9686  3854  5559  9121  8259 
 7956    24  2124  1873  2837  8882 
 9891   508  6169  9607   121  7367 
 7381  6311  5793  7132  2354  1992 
 2157  3162  7580  8160  6838  6622 
 3390  3098  2710  5295  7644  7236 
  581  2485  3897  1593  6424  5421 
 8308  2274  4534  5204  4650  3443 
 9098  8904  2994  9102  4506  2959 
 8099  7527  7290  3305  7692  6457 
 3911  5898  3586  9714  6830  4819 
 5285  5921  2965  9151  5159  6055 
 9625   426   715  1222  9834  5543 
   18  9833  6100  8444  3099  6179 
 4510  5890  7750  7469  7961  8732 
 2060  6038  8207  8111  6021  8760 
 3547  3255  4032  8430  3585  3864 
 3645  9248  5450  8710  3114  6479 
 9804  6467  4839   405  5099  3549 
 7272  3660  4931  9156  9803  9711 
 2448  9732  3687  5691   618  8859 
  995  2900  5411  8197  9883  9623 
 1499  9777  8916  1238  1810  7288 
 6400  6627  7226  6946  4624  5821 
 8515  9910   943  6626  7613  3126 
 5369    34  9715  5326  5685  2147 
 7096  8433  6458  7914  9659  1025 
 2859  5123  4880  9290  3339  4891 
   79  7919  3174  4494  1937  8762 
 7403    97  7646   812   805  3242 
 7983  7958  8389  4493    41  9475 
 5992  5957  4193  2457  1371  8598 
 4068  8728  4203  1286   826  1331 
 1539  4529  3706  6918  1307  6889 
 3028   659  3823  3822  2376  3938 
 1340  4196  7401  7987  9641  3212 
 1971  4705  7741  8602  9246  8142 
 1928   675  8016  6387  8870  6475 
 7306  8562  2873  9108  2295  1949 
 6438   514  5010  4135  7935  3334 
 3144  1485   869   921  8394   624 
  513  3566  9270  4218  7221  5162 
 8429  6802  1400  1359  9182  7918 
 9012  8768  4874  5209  3138  6951 
 4015  8704  3537  4356  2170  7689 
 8799  2362   731   255  8963  1498 
 5648  3738  3761  8397  8843  6755 
 8180  5445  1787  9766   836  8976 
  761  4495  1521  7681  8435  9869 
  334  2515  8985  4661  6497  2177 
 7070  8238  7667   572  3580  3599 
 3477  1291  7883  6221  5254  6846 
 8325  9168  1271  9152  9050  4946 
 7764  3536  6836  1633  1125  9697 
 7694  4640  3107  4142  4921  6067 
 2798  8645   845  2843  3433  3727 
 7031  2800  5145  6318  1672  3060 
 9756  1952  4130  2197   875  8918 
 6728  9585  6877  3404  5258  1706 
 2378  9285  6529  4607  9529   837 
 4152  5256  7874  8069  2091    66 
 6423  3713  9631  8070  1484  9315 
 6220  2489   755  2244  3470  9881 
 7148  8673  4305  6652  5973  8295 
 9628  6645  5934  5144  3159  4181 
 1504  3884  9841  5762  6328  5652 
 3940  7991  4304  9310  1795  1580 
  686  7640  7905  6472  3291  4175 
 9767  3753   740  7131  5338  8838 
 4483  2410  9294  2957  8237   800 
 7204  5474  6079  5274  4728  3690 
 4096  4009  6573   849  4621  4735 
 6898  7575  9528  9399  5976  4400 
 3323  8619  3646  4187  6610  6454 
 6850  2813  9920  2620  7786  5367 
 4709  1798  6635  9900   678  1744 
 4267    74  6276  6238  6178  5476 
 4030  3952  9713  9758  1470  2162 
 8688  5578  1570  8679  2923  3053 
 8933  3993  7937  4033  1841  4306 
 4378  2787  8202  8994  3840   647 
 8696  9116  3200  8518  7322  8380 
 7971 
