loading file name ./test_data/65scpnrh5.txt
Generating problem instance started 12:22:35
Generating problem instance complete 12:22:37
Generating problem instance took 2.000000 seconds
Solution generated started 12:22:37
Solution generation complete12:22:37
Generating a solution took 0.000000 seconds
Total Cost: 46805 
Required Covers 942 
Minimal Covering Columns: 
 8108   180  1758  4163  5412  3220 
 4063   650  3586  9311  6988  8524 
 2627  7220  7419  3628    16  7936 
 6602  4279  3842  6035  9748  7633 
 8910  8197   364  7132   578  2652 
 2359  8141  4958  8300  9483  4682 
 6949  5620  2335  4524   995  2536 
 5702  3673   860  2738  4782    14 
 3484  9209  4975  9107  2531  3521 
 2863  4235  5597  5194  1801  1666 
 1759  6448  1634  5996  3921  3346 
 5185  7250  5170  2163  7883  7661 
 7802  4099  7094  1824  2285  7016 
    3  7732  3348  1721  2356  5152 
 3258  5866  7578  3606  4344  6331 
 5653  1931  5880  3818  8537  4790 
 1431   861  3338  1742  1500   994 
  969  9505   914  2497  4912  4049 
 1458  9792  4613    20   659  6163 
 1664  5803  5072  4287  3837  7328 
 2564  9029  7784   901  9155  8219 
 6973   133  5321  3386   986  4921 
 1209  2493  5864  6168  7700  4147 
 7821  8873  2352  7321  3426  1353 
 3289  2857  5287   178  9274  8029 
 3587  4084  8085  8684  6629  8569 
  196  4184  5736  6652  6238  8631 
 6905  8095  7611  7022  2704  3870 
 2410  5981  3062  2916  8543  3372 
 3863  4262  6753  9043  5416   665 
 9100   641  6392  5160  2382  8599 
 2660  1735  6370  3352  3105  5950 
 1514  5178  5572   608  6472  8823 
 2157  2824  6714  5770  3040  7635 
 5641  3888   749  3857  4878  7045 
 6381  3247  7240  5956   210  9359 
 6101  8870  6206  6805     5   220 
 2036  4918   787  5758  4837  3226 
 5847  4177  4217  6668  5120  2927 
 2467  8067  6400   681  5884  1854 
 6003  9074   424  3167  3473  9984 
 3433  2344  7238  6695  9147  8995 
 8979  7664  5862  2420  7314   859 
 8817  8746  2155  4642  8188  5685 
 3545    41  4124  6128  5663  2422 
  785  2119  2608  8928  6237  3194 
 3614  4966  5023  2367  7799  8000 
 4136  7953  4996  3424  2371  3177 
 9113  3645  1789  7443  9820  7558 
    2  9308  1651  9121  8046  8509 
 3453  5156  1019  6330  8702  4385 
 6195  1590  9394   806   759  9433 
 3228  5480  3380   773  6172  4959 
 2453  7090  2384  3646  5595  2525 
 7121  5139  8620  2084  9811  5502 
 7401  7885  7280  7804  7294  5413 
 5096  9159  3437  7531  5808   636 
 7439  7413  2222  3391  1288  5366 
 9177  6897  9669  7477  1905    32 
 5953  3264  1082  9828  8566   144 
 4486  4053  9337  9800  8532  2235 
 6415  3813  1522  7224  5267   672 
 6208  5771  7851  8647  6219  6507 
 7406  8192  8049  7579  9910  7261 
 2607  6578  9303  4764  3580  6076 
 9235  7227  3767  4748  1569  8514 
 9883  4497  6614   205  5105  3454 
  831  1552  2341  5793  4797  9723 
 7236  9776  9799  1736  4774  8703 
 5032  6229   122  8759  3858  3624 
   39  1466  6860  3567  2716   915 
 2445  8966  2893  7612  8682  2589 
 5058  1540  3235  9304  1424  8513 
 6518  3795   697  2190   671  7695 
 1083  8890   567  6598  7221  5360 
 3551  8368  3996  5215  9835  3980 
  145  6524  6673  7346  1129  2205 
  918  3024  9012   840  9707  7164 
 9734  9467  7460  8291  6504  5861 
 7992  3098  2169  2298  3269  7767 
 7278  6160  7453  3446  4126  1897 
 6053  7005  4083  4094   879  7290 
 6358  8504  1163  4581  6155  4740 
 3549  9188  6932  3873  3360  8521 
 4588  3914  8298  3278  8383  5883 
 3419  6946  6514  3946  6019  2926 
 9763  6958  6600  1848  5449  5223 
 3066  7660  6133  5394  8871  1566 
  869  1337  9909  5634   143    11 
 7687  9250  1653  7392  4601  1924 
 5947  7893  7631  7367  8821  2161 
 6997  7589  7253  6239  5701  8863 
 3665  6377  5848  3704  3487  2233 
  227  5577  8783  2487  7905  5798 
 8125  6610  4392   580  5275  5114 
 8185  4343  5003   270  1015  9840 
 2542  9884  2915  5863   764  8915 
 1098  2219  4971  8359   835  9869 
 2247   738  8271  2022  1113  7396 
 5467  6754   654  7393  6343  4835 
 6937  7709  1922  5638  8557  3274 
 5428    91  9000  4540  5025  2375 
 7833  6522  2887  8035  1101   777 
 2979  3885  9312  5047   280  7208 
 4755  1363  8178  7993  7525  8740 
 1105  8598   896   886  2735  8086 
 7353  8510  4686   129  8114  6070 
 6108  3327  3322  1567  1882  2541 
 5135  8869  4299  1436   921   691 
 1680  3981  1797  3796  2006  6987 
 2043  9731  4690  3944  2551  4048 
 1440  5018  7498   573  3354  2783 
 4011  8872  7568  6433  1989  9237 
 5548  9813  6672  7459  9398  2964 
 9290  2456  2868  7182   793  4165 
 3367  8681  2518  2507  3202   195 
  201    47  7594  9847  8574   606 
 3780  9399  5103  7297  5377  8540 
 7798  1463  2250  9390  7389  9082 
 7289  4351  4107  7065  3667  4419 
 3510  7840   231   413  9377    73 
 1602  6742  3011  3855  8506  9590 
 5088  7308  7131  4736  2602  9855 
  938  9059   845  3765  1672  9248 
 8657    13  1560  3276  9085  7064 
 6603  4288  2318  6443  8405  8573 
  721  3709  4362  5384  1413  6562 
 6251  6324  5406  7716  6564  9317 
 7852   740  9213   924  3678   848 
 1886  9801  9196  3711  2524  5097 
 5894  6140  3020   930  1563  3536 
 3025  7071  2902  5339  6486  2729 
 3270  9882  2664  2126  5067  3225 
 1007  8264  6892  9766  6074  3485 
 5319  3299  1047   207  4770   211 
  987  4368  5363  7935  8195  2316 
 9226  6550  5651  9778  9108     6 
 2372   175  5709  1928  2360  2300 
 3607    21  9711  8089  4471  7742 
 6046   204   878  2195  6736  6106 
 5290  3252  4264  1662   853  5859 
 5783  5750  3312  9002  4533  8608 
 2044  1655   135  1517  8779  3394 
 4295  1575  3886    10  8432  5462 
 9818  3825  1615   149  3039  7499 
 8151  6169  5427  4088  4330  4584 
 6758   902  4732  4077  7772  1788 
 1008  6096  5196  2629  8687  3833 
 5739  1173  7381  4955  6910  5435 
 2138  9292  2721  6266  4800  5520 
 4845  2695  6737   782   100  1901 
 3533   187  5753  5328  4210  4067 
 9843   599  1582  3096  9700  8860 
 6346  6403  1705  8781  2223  2353 
 7059  3124  7994  4953  1952  3753 
 6708  3848  7486  4745   775  8751 
 8311  3328  8005  6593  7307 
